1000 1.0313903986999995
1001 1.1443496684999999
1002 1.8744215915999998
1003 1.5237015903000006
1004 2.4257411386000007
1005 1.7053265159999995
1006 2.2559923342000006
1007 1.6754349815999987
1008 1.2905264393000038
1009 2.8305312871000012
1010 2.0218420686000003
1011 2.4817027741000004
1012 1.3703221798000016
1013 2.454354585599998
1014 1.3670642205999968
1015 1.1773835055
1016 2.53224781990001
1017 1.9229475847999993
1018 2.1740327714999865
1019 2.225339217800001
1020 1.2825544902000103
1021 2.2592749244999992
1022 1.6175394472999982
1023 1.4443084650000118
1024 1.2284505958000012
1025 1.5219068769000046
1026 1.3744991383999945
1027 1.8005030424999973
1028 2.83499241290001
1029 1.5311397378000038
1030 2.0251377895999783
1031 2.8740625645999898
1032 1.6174602704999983
1033 2.7840868003999732
1034 1.2441199561500005
1035 1.6552699329999996
1036 1.5431541992000006
1037 1.9706447427000058
1038 2.7845446851999895
1039 2.5883029100000043
1040 1.2469485253000017
1041 2.3954497668000045
1042 2.3360438366000267
1043 2.3566885339999883
1044 1.3998761487000024
1045 1.4038700317999768
1046 2.3413165617999994
1047 2.3971810299999787
1048 2.360601097199992
1049 2.3781708810999818
1050 1.232379579999997
1051 2.4080329239999743
1052 2.352878873200029
1053 1.3634622973000206
1054 1.4908477647000153
1055 2.3672690297000374
1056 1.258724460400026
1057 2.2440258677999507
1058 1.4463161076999995
1059 2.5052873348000047
1060 1.500665380500004
1061 2.4802919609000127
1062 1.5669781012000612
1063 2.495260563299985
1064 1.3627488913999741
1065 1.6476895205999882
1066 1.5087430999000162
1067 1.8642640561999997
1068 1.6946442945999933
1069 2.522365184499995
1070 1.8721777771999997
1071 1.4005911843999683
1072 1.5628399612000294
1073 1.6295207041999902
1074 2.4747651940000197
1075 1.4970521678000295
1076 2.4560867242000084
1077 2.5051377653000144
1078 1.2971912326000392
1079 1.8890351209999836
1080 1.4620418850999841
1081 1.7257827647999648
1082 2.6513222033999684
1083 1.5139940009000157
1084 2.6798129762000373
1085 1.4958608034000007
1086 2.6246089081000266
1087 2.663860384499981
1088 1.3552228432999982
1089 1.3673821047000274
1090 2.574671195999963
1091 2.624086939200015
1092 1.364476562500022
1093 2.6086798010000165
1094 2.5403358628999966
1095 1.7319296038000176
1096 2.0763827482000123
1097 2.538541330300018
1098 1.6424551013999462
1099 2.563751686199976
1100 1.3307970711000052
1101 2.671636731099966
1102 1.5323637324000174
1103 2.750978721999991
1104 1.358418771200013
1105 1.2591753724999308
1106 1.5667140981000103
1107 1.4347239121000257
1108 2.3243318350000663
1109 2.4115899312999773
1110 1.4940049040000758
1111 1.9739225036001244
1112 2.413587552099989
1113 1.6541568401000404
1114 2.406420652099996
1115 2.4882553071000073
1116 1.4640952884999479
1117 2.4837961735999214
1118 1.6159723630999452
1119 2.494278535999956
1120 1.3095179032000488
1121 1.781754119900097
1122 1.4802775925999867
1123 2.5729092945000955
1124 2.570751328000051
1125 1.4570127273000253
1126 2.462484797800016
1127 1.4993290652000724
1128 1.6209656907999488
1129 2.482677103900005
1130 2.012988610000002
1131 1.5707062307000341
1132 2.451200646199959
1133 2.09867856629985
1134 1.3427563229000952
1135 2.507241699699989
1136 1.713076963399999
1137 2.468236235800032
1138 2.4743356534999292
1139 1.8402765178000664
1140 1.4646971285000745
1141 2.4942240811999907
1142 2.4829424049999944
1143 2.5226047072000712
1144 1.4480675348999739
1145 2.5021984756000166
1146 2.478111053400062
1147 1.7389466321999862
1148 1.571278699899949
1149 2.484731805699994
1150 1.4917759711999679
1151 2.544378495700039
1152 1.340745964100097
1153 2.833475014600026
1154 2.769363817799922
1155 1.4212794092999956
1156 1.5116298670000106
1157 1.997440716399933
1158 2.5489154476000295
1159 1.813643063500058
1160 1.5081216091999523
1161 1.644570777899935
1162 1.8584061535000274
1163 2.602281184100002
1164 1.9218929008999113
1165 2.671765895100043
1166 1.6985571598000206
1167 2.646343093599944
1168 1.7733530223000797
1169 2.5828196101999765
1170 1.4763824766999734
1171 2.666704529299932
1172 2.6099729805999687
1173 1.6035569169000154
1174 2.5875200168000903
1175 1.6813181798000643
1176 1.384530980799991
1177 2.1534815585000615
1178 1.6375776259998929
1179 2.285749270999986
1180 1.7058874240000024
1181 2.6437700753000626
1182 2.6127617052000005
1183 1.5913011822000498
1184 1.586907551599961
1185 1.911098963099994
1186 2.6130414348000612
1187 2.6378005763000147
1188 1.4107412038999427
1189 1.8044744073999937
1190 1.4962036210000407
1191 2.6215655084000447
1192 2.6047985399000027
1193 2.63137367610002
1194 2.577924416199994
1195 2.630302057899962
1196 1.5798142138000002
1197 1.5460001249000015
1198 2.5962612150000495
1199 2.187189696000041
1200 1.4139930650999304
