1000 0.5742152599999999
1001 0.6395602500000003
1002 1.1326211499999996
1003 0.7966190000000012
1004 1.1238568800000004
1005 0.7843184199999996
1006 1.1267667500000016
1007 0.7839765499999999
1008 0.5726694199999983
1009 1.1945066100000006
1010 0.8954519500000003
1011 1.1892958100000015
1012 0.6457049699999956
1013 1.1922816099999949
1014 0.6542483500000003
1015 0.6802005399999984
1016 1.1403464000000014
1017 0.9545613199999992
1018 1.133639020000001
1019 1.1456673500000023
1020 0.6268834499999997
1021 1.1480402499999969
1022 0.8111688499999985
1023 0.6963469099999884
1024 0.5727773299999968
1025 0.7170308800000044
1026 0.6495844299999988
1027 0.8680951700000066
1028 1.2719530499999963
1029 0.6450461299999801
1030 0.9411059900000055
1031 1.310469740000002
1032 0.7110289899999997
1033 1.3123429999999872
1034 0.7479933900000105
1035 0.6733695499999897
1036 0.6971983800000032
1037 0.8249744400000054
1038 1.296387749999991
1039 1.311995980000006
1040 0.6316036600000074
1041 1.2209633999999994
1042 1.2086960599999999
1043 1.222092600000019
1044 0.6730594099999962
1045 0.6786345199999915
1046 1.2104869000000122
1047 1.230124289999992
1048 1.2104708800000084
1049 1.2544196799999952
1050 0.6318993600000056
1051 1.2438040850000003
1052 1.2520504999999844
1053 0.6761150500000099
1054 0.7475092599999925
1055 1.2573609000000032
1056 0.6274112099999798
1057 1.189166200000011
1058 0.7483309300000315
1059 1.3337629999999763
1060 0.7586499599999798
1061 1.3278317899999934
1062 0.7986249999999927
1063 1.3463486600000123
1064 0.6713480400000208
1065 0.8519205799999782
1066 0.7742523799999959
1067 0.962416810000002
1068 0.8856490299999791
1069 1.3307835999999953
1070 0.9764297199999987
1071 0.6901192100000003
1072 0.8258063499999935
1073 0.8335179999999923
1074 1.3350975700000276
1075 0.7645244300000058
1076 1.3184344499999838
1077 1.3311919699999748
1078 0.6433154899999977
1079 0.925819690000003
1080 0.6122500800000126
1081 0.8292173900000194
1082 1.3942615600000068
1083 0.7340295999999966
1084 1.3960216899999978
1085 0.728745200000003
1086 1.3963969599999928
1087 1.4096573299999933
1088 0.6579012900000066
1089 0.6614277900000161
1090 1.301720259999979
1091 1.3134721600000148
1092 0.662183129999994
1093 1.3095314999999688
1094 1.305844500000012
1095 0.8702591599999892
1096 1.0854218500000001
1097 1.3604721700000255
1098 0.8511649200000079
1099 1.3221565400000146
1100 0.6328674299999989
1101 1.3475872800000275
1102 0.7636139100000264
1103 1.3507449100000257
1104 0.6888102600000593
1105 0.7305113400000437
1106 0.8961276799999723
1107 0.7722908700000062
1108 1.243191250000018
1109 1.2598939100000734
1110 0.753802010000004
1111 1.001874420000013
1112 1.2449455100000022
1113 0.818471409999961
1114 1.2461591100000304
1115 1.2571943099999543
1116 0.7215490899999623
1117 1.2589056800000207
1118 0.8072318199999927
1119 1.260012830000005
1120 0.6358599100000447
1121 0.8895284200000333
1122 0.7123847200000227
1123 1.318592049999961
1124 1.3275203300000384
1125 0.6777704399999948
1126 1.3083309100000406
1127 0.7539826400000266
1128 0.8043784799999912
1129 1.3144490399999995
1130 1.0404474100000698
1131 0.7763953399999991
1132 1.2762273999999707
1133 1.0302900400000226
1134 0.6556423600000016
1135 1.2541165200000024
1136 0.8656914100000221
1137 1.2526592700000492
1138 1.2405867600000193
1139 0.918049370000017
1140 0.7049466700000266
1141 1.2540473899999824
1142 1.241663799999992
1143 1.257419260000006
1144 0.7029930899999499
1145 1.2563576499999953
1146 1.2437436499999648
1147 0.8673987600000373
1148 0.7789362100000062
1149 1.2584820999999693
1150 0.7381351300000233
1151 1.2602684400000044
1152 0.6456393900000194
1153 1.5007165199999917
1154 1.483854280000014
1155 0.7105118700000276
1156 0.7633344099999476
1157 1.0410393100000193
1158 1.3886873299999933
1159 0.9612496300000203
1160 0.7580731199999718
1161 0.8466880400000264
1162 1.0001877299999706
1163 1.4139311899999711
1164 1.025971400000003
1165 1.4216158200000337
1166 0.8797527999999601
1167 1.4282519300000103
1168 0.921303880000005
1169 1.4097385799999984
1170 0.7337873600000648
1171 1.4136602699999912
1172 1.4000830499999892
1173 0.8235186800000293
1174 1.4021042800000032
1175 0.8694036799999594
1176 0.695143730000018
1177 1.1187282399999732
1178 0.8386816299999964
1179 1.1977112399999896
1180 0.873555599999986
1181 1.396004949999974
1182 1.3816131099999667
1183 0.7718466299999591
1184 0.7795391600000585
1185 0.9593139100000372
1186 1.38955418999999
1187 1.4001829700000143
1188 0.6816069200000129
1189 0.904160439999987
1190 0.742773840000018
1191 1.3431880099999716
1192 1.3308711799999629
1193 1.3452230599999893
1194 1.3322690399999828
1195 1.3450498300000162
1196 0.7781383900000037
1197 0.7661479700000428
1198 1.3326293199999555
1199 1.109900330000005
1200 0.6759354799999983
