1000 0.5754384899999999
1001 0.6356889900000002
1002 1.1450854500000005
1003 0.8045457200000005
1004 1.1646626699999998
1005 0.8391578599999996
1006 1.1621321000000002
1007 0.7834004599999957
1008 0.5871604199999979
1009 1.22967017
1010 0.8937315499999997
1011 1.232668840000001
1012 0.6410280899999975
1013 1.2226477099999982
1014 0.6436281400000041
1015 0.691291190000004
1016 1.106133230000006
1017 0.9342797100000013
1018 1.1023856499999993
1019 1.113180539999999
1020 0.6214760899999959
1021 1.1166091799999975
1022 0.8024111699999992
1023 0.6856835599999954
1024 0.5597516099999978
1025 0.7141809800000033
1026 0.644475540000002
1027 0.870494359999995
1028 1.3005329099999954
1029 0.611953299999999
1030 0.9366506600000093
1031 1.3399283400000002
1032 0.7015194199999997
1033 1.341898759999998
1034 0.7379928899999981
1035 0.7181584700000088
1036 0.6930968600000142
1037 0.8133369500000015
1038 1.3300743500000067
1039 1.3457776700000124
1040 0.6303209199999855
1041 1.2575725499999861
1042 1.2483096099999955
1043 1.2603310599999986
1044 0.6633538999999928
1045 0.6989983299999949
1046 1.2504025900000044
1047 1.270186890000008
1048 1.2556538499999987
1049 1.6815144300000042
1050 0.9825911899999937
1051 1.4422027399999933
1052 1.284913539999991
1053 0.6498655499999927
1054 0.7203928599999927
1055 1.2262396700000182
1056 0.5995899799999848
1057 1.1621916699999928
1058 0.7229387299999871
1059 1.3371782100000018
1060 0.7552524399999925
1061 1.4735897999999907
1062 0.8524160099999903
1063 1.3476765
1064 0.6546364700000027
1065 0.8485031299999946
1066 0.7519279999999753
1067 0.9457649299999844
1068 0.8629163300000073
1069 1.3555705200000034
1070 0.9736275099999829
1071 0.6783985600000051
1072 0.7936582700000031
1073 0.7983447800000022
1074 1.325296030000004
1075 0.7722928000000138
1076 1.3652928399999837
1077 1.4264992800000187
1078 0.6355946900000049
1079 0.9299867299999619
1080 0.6159156899999971
1081 0.8330614000000083
1082 1.438270620000003
1083 0.7288500800000065
1084 1.429523909999989
1085 0.7289909799999805
1086 1.428895799999998
1087 1.441941810000003
1088 0.6505486200000178
1089 0.6601695299999847
1090 1.3159376199999997
1091 1.3304005299999973
1092 0.6573304899999926
1093 1.332172330000003
1094 1.3181797299999858
1095 0.8657147399999985
1096 1.0619827999999871
1097 1.350503450000008
1098 0.8111421699999937
1099 1.360092330000009
1100 0.6346277900000018
1101 1.3998320899999954
1102 0.7494388399999707
1103 1.3938723199999572
1104 0.6785465600000407
1105 0.7250036600000158
1106 0.885500879999995
1107 0.7618579400000044
1108 1.2610346799999435
1109 1.2681931400000166
1110 0.746633699999984
1111 0.9933436999999685
1112 1.2511649800000668
1113 0.8076128299999936
1114 1.2521251499999835
1115 1.2874103800000285
1116 0.7103566300000012
1117 1.2759749899999862
1118 0.791896679999968
1119 1.2658783100000164
1120 0.6296206900000015
1121 0.8821390699999256
1122 0.7320019799999955
1123 1.4722638800000367
1124 1.4357968900000286
1125 0.7049950200000012
1126 1.411643029999982
1127 0.7279349299999694
1128 0.7750607199999877
1129 1.3097231400000056
1130 1.039949280000019
1131 0.8196142099999861
1132 1.299969540000029
1133 1.022529749999967
1134 0.6477573000000121
1135 1.2523119000000633
1136 0.8584270200000447
1137 1.2490257799999427
1138 1.2331591799999841
1139 0.9063383000000158
1140 0.6947295599999734
1141 1.2463398299999882
1142 1.2393406099999311
1143 1.2479697400000305
1144 0.6915710600000239
1145 1.2483331800000315
1146 1.2385570799999641
1147 0.8531617399999731
1148 0.7651636600000302
1149 1.2569908999999826
1150 0.7256082399999741
1151 1.257965969999941
1152 0.6325600599999917
1153 1.4952059500000132
1154 1.482328459999985
1155 0.7039978900000279
1156 0.7310368400000471
1157 0.9926596600000039
1158 1.3729459500000076
1159 0.9107301900000039
1160 0.7563324300000204
1161 0.8045718399999942
1162 0.9422035099999903
1163 1.3853054200000543
1164 0.9701360499999965
1165 1.42111196999997
1166 0.8428014400000166
1167 1.394856219999997
1168 0.8777015399999755
1169 1.3943091200000026
1170 0.7275627200000144
1171 1.3878407100000232
1172 1.3707325800000034
1173 0.7878252800000155
1174 1.3742795900000147
1175 0.8446513799999821
1176 0.6655720800000153
1177 1.0728418899999723
1178 0.806289149999975
1179 1.145625159999986
1180 0.8536966200000051
1181 1.424408349999976
1182 1.4089672200000223
1183 0.7657214800000475
1184 0.7646613600000137
1185 0.9614032500000349
1186 1.405581159999997
1187 1.4197953399999506
1188 0.6785577399999738
1189 0.8889797300000055
1190 0.7433004000000665
1191 1.3755104099999471
1192 1.358907000000022
1193 1.3733263399999942
1194 1.372502510000004
1195 1.37662607999996
1196 0.7671348900000339
1197 0.7548303999999689
1198 1.3644931100000122
1199 1.1071303299999955
1200 0.7034539999999424
