1000 1.0534646849999998
1000 1.0285434769999995
1000 1.0301369730000012
1000 1.0281471399999997
1000 1.029234122
1000 1.0358031069999996
1000 1.0278899589999995
1000 1.0277743489999978
1000 1.0271440729999988
1000 1.0257661019999986
1000 1.0313903986999995 0.0018747655666669547 0.18177070186322994
1001 1.1320283700000005
1001 1.1300877400000005
1001 1.1456215380000003
1001 1.145037447
1001 1.1466925219999986
1001 1.1480807559999988
1001 1.1447313649999984
1001 1.151522817
1001 1.1519170410000008
1001 1.1477770890000016
1001 1.1443496684999999 0.0011424735000005921 0.09983604936925729
1002 1.855954752999999
1002 1.854920596000003
1002 1.865298697
1002 1.8517387340000013
1002 1.8724910130000012
1002 1.875748337999994
1002 1.8903629839999994
1002 1.889837755000002
1002 1.8825331489999968
1002 1.9053298970000014
1002 1.8744215915999998 0.010302768466667223 0.5496505435510277
1003 1.426312037999999
1003 1.431783174000003
1003 1.4938241820000044
1003 1.4627454199999974
1003 1.4971174289999993
1003 1.5137641680000016
1003 1.5537262429999998
1003 1.5710895879999995
1003 1.5855364020000025
1003 1.701117259
1003 1.5237015903000006 0.05913855623333316 3.8812426665308792
1004 2.4063249639999995
1004 2.4789574859999988
1004 2.559223940999999
1004 2.623125588999997
1004 2.662484857999999
1004 2.5760668859999925
1004 2.2752075940000083
1004 2.2395726210000078
1004 2.1805266230000058
1004 2.2559208240000004
1004 2.4257411386000007 0.05660677153333345 2.3335866565714283
1005 1.5701049339999997
1005 1.762587761000006
1005 1.7601472569999999
1005 1.6986535129999965
1005 1.5875129529999867
1005 1.7025190770000052
1005 1.749924612000001
1005 1.762527691999992
1005 1.732255789000007
1005 1.7270315720000013
1005 1.7053265159999995 0.007235018666667277 0.42426002286281694
1006 2.2846644319999996
1006 2.184413317999997
1006 2.3164507449999974
1006 2.303929769000007
1006 2.190911366000009
1006 2.2911923629999933
1006 2.2322465830000056
1006 2.1588334599999968
1006 2.241426015000002
1006 2.3558552909999975
1006 2.2559923342000006 0.033287652266665635 1.475521514946539
1007 1.7329388879999925
1007 1.6710575609999978
1007 1.6172707960000139
1007 1.624481827000011
1007 1.5903938639999922
1007 1.5923779620000005
1007 1.666660127
1007 1.7251582549999966
1007 1.746113078999997
1007 1.7878974569999855
1007 1.6754349815999987 0.03748749179999559 2.2374781601012037
1008 1.3342409120000127
1008 1.3030960440000001
1008 1.3912626659999887
1008 1.2946253679999984
1008 1.278632449000014
1008 1.2709532389999936
1008 1.266819627000018
1008 1.2539753640000129
1008 1.2394410109999967
1008 1.2722177130000034
1008 1.2905264393000038 0.0061029087666667845 0.4729007156162621
1009 2.7133209840000063
1009 2.797528464999999
1009 2.760868390000013
1009 2.8318902119999905
1009 2.8475707100000136
1009 2.891608743000006
1009 2.858102457000001
1009 2.82314152699999
1009 2.9069001500000127
1009 2.87438123299998
1009 2.8305312871000012 0.014616648633326198 0.5163924066107594
1010 2.1384805369999924
1010 2.2280474679999998
1010 2.197101822999997
1010 2.1338887080000006
1010 1.8918257779999976
1010 1.905512821000002
1010 1.9691446100000007
1010 1.9040732710000157
1010 1.997932590000005
1010 1.852413079999991
1010 2.0218420686000003 0.05647632953333644 2.7933106354069874
1011 2.5312766290000184
1011 2.4355702560000054
1011 2.5033939150000037
1011 2.481551633999999
1011 2.3536221630000114
1011 2.4018508580000173
1011 2.5257463309999935
1011 2.5081922129999725
1011 2.625295932
1011 2.4505278099999828
1011 2.4817027741000004 0.010391654700005876 0.41873083305773606
1012 1.4091089789999955
1012 1.3552449389999879
1012 1.33911497699998
1012 1.4237996940000244
1012 1.3580914389999919
1012 1.32709447900001
1012 1.340781523000004
1012 1.379918927999995
1012 1.3569727610000086
1012 1.4130940790000182
1012 1.3703221798000016 0.014257299733338854 1.0404341361109477
1013 2.4039526800000033
1013 2.5061794390000216
1013 2.409399363999995
1013 2.5117058140000097
1013 2.429446205999966
1013 2.485620649999987
1013 2.4121915300000296
1013 2.4893491720000043
1013 2.487896943999999
1013 2.4078040569999644
1013 2.454354585599998 0.015516842866677946 0.6322168344263368
1014 1.3555473989999882
1014 1.3082623039999817
1014 1.3278871520000166
1014 1.4517593810000449
1014 1.3906363140000053
1014 1.3613886089999596
1014 1.329310098999997
1014 1.3624940039999842
1014 1.4105747909999877
1014 1.3727821530000028
1014 1.3670642205999968 0.0019059774666686884 0.13942120918300133
1015 1.4384719939999968
1015 1.4599614050000014
1015 1.4815229590000172
1015 1.447233658000016
1015 1.4801196309999796
1015 1.51163638700001
1015 1.5877103669999997
1015 1.6907457980000231
1015 1.6532163780000246
1015 1.7933707049999725
1015 1.5543989282000041 0.0796572589333228 5.124634190629944
1016 2.8060386839999865
1016 3.027099399000008
1016 2.811894685000027
1016 2.8106163260000017
1016 2.613228948000028
1016 2.279114512000035
1016 2.2483019860000013
1016 2.2069435269999644
1016 2.295223646000011
1016 2.224016486000039
1016 2.53224781990001 0.10274377796665697 4.057414016086071
1017 1.9628430699999626
1017 1.8567933079999648
1017 1.9314633569999842
1017 1.950400276000039
1017 1.8819774329999746
1017 1.9814859809999916
1017 1.9589195500000187
1017 1.899051600000007
1017 1.927668729000004
1017 1.8788725440000462
1017 1.9229475847999993 0.01469168026665102 0.7640187586381385
1018 2.149427032999995
1018 2.1466680720000113
1018 2.162365474000012
1018 2.1509037109999554
1018 2.165155829000014
1018 2.222218934999944
1018 2.180779276999999
1018 2.1630537049999816
1018 2.2034634329999676
1018 2.1962922459999845
1018 2.1740327714999865 0.007419824833332663 0.3412931456508501
1019 2.2097547090000376
1019 2.3065794590000337
1019 2.2190609209999934
1019 2.2452761840000335
1019 2.1725084299999935
1019 2.2287329810000074
1019 2.2113059459999818
1019 2.2169938119999983
1019 2.249661845999981
1019 2.193517889999953
1019 2.225339217800001 0.010607109266682771 0.47665134294308154
1020 1.310514449999971
1020 1.251783588999956
1020 1.2548124110000458
1020 1.3115172140000482
1020 1.3168165929999986
1020 1.3130258900000058
1020 1.2858975120000196
1020 1.2660185020000085
1020 1.2559404450000216
1020 1.2592182960000287
1020 1.2825544902000103 0.007778731399993891 0.6065029953449247
1021 2.2573691279999935
1021 2.236933797000006
1021 2.297834396999974
1021 2.1671344920000024
1021 2.1943700289999697
1021 2.3573537039999906
1021 2.2770736660000352
1021 2.2530124450000244
1021 2.2978337929999952
1021 2.253833794000002
1021 2.2592749244999992 0.0018137101666657607 0.08027841795602425
1022 1.5767880199999809
1022 1.5899241770000003
1022 1.593003407000026
1022 1.6732079810000187
1022 1.6604473319999897
1022 1.6038270470000384
1022 1.6589280919999965
1022 1.6050323569999705
1022 1.611808716999974
1022 1.602427342999988
1022 1.6175394472999982 0.0050373681000034 0.3114216539455523
1023 1.4438580060000277
1023 1.452248085000008
1023 1.464206402000002
1023 1.4116014009999844
1023 1.419644045000041
1023 1.4566581980000137
1023 1.4646341310000253
1023 1.469130574000019
1023 1.4456229560000224
1023 1.4154808519999733
1023 1.4443084650000118 0.009609204333346147 0.6653152402140127
1024 1.2075469359999715
1024 1.1863059529999873
1024 1.2393160440000202
1024 1.183825302999992
1024 1.2403212230000236
1024 1.1907254230000035
1024 1.2415730189999863
1024 1.2360297399999922
1024 1.2957488750000152
1024 1.2631134420000194
1024 1.2284505958000012 0.01155428206667275 0.9405573253150062
1025 1.5286510880000037
1025 1.536509599999988
1025 1.5370300000000157
1025 1.5186421559999985
1025 1.4912095079999972
1025 1.5109490620000088
1025 1.5502687869999932
1025 1.5068549930000472
1025 1.5173982090000209
1025 1.5215553659999728
1025 1.5219068769000046 0.00011717030001060871 0.007698913894736759
1026 1.376984890000017
1026 1.3618498440000053
1026 1.406650968000008
1026 1.395041295999988
1026 1.4015263640000057
1026 1.4090108760000248
1026 1.3640011699999945
1026 1.3391348999999764
1026 1.3572888039999498
1026 1.3335022719999756
1026 1.3744991383999945 0.013665622133339623 0.9942255874563359
1027 1.7112602139999922
1027 1.791051546999995
1027 1.8226866299999642
1027 1.7497724760000324
1027 1.7958401870000102
1027 1.8304886959999749
1027 1.8086738850000188
1027 1.8222311299999774
1027 1.826294712000049
1027 1.8467309479999585
1027 1.8005030424999973 0.015409301833320418 0.8558331460481519
1028 2.697235092000028
1028 2.739760222999962
1028 2.6701936490001117
1028 2.6134942789999513
1028 2.5718828650000205
1028 2.7513934410000047
1028 2.886339248000013
1028 3.078588136999997
1028 3.144982206999998
1028 3.1960549880000144
1028 2.83499241290001 0.1203541917000015 4.24530912860141
1029 1.7236154710000164
1029 1.706790635999937
1029 1.7473733269999911
1029 1.6636343249999754
1029 1.4870303159999594
1029 1.4420806800000037
1029 1.3847383560000708
1029 1.4202993750000132
1029 1.381604187999983
1029 1.3542307040000878
1029 1.5311397378000038 0.05896967793330532 3.851358336374645
1030 1.8890405549999514
1030 1.9814150449999488
1030 1.8455192989999887
1030 1.9880241759999535
1030 1.888486045000036
1030 1.923226619999923
1030 2.1485712720000265
1030 2.193767223000009
1030 2.2126280740000084
1030 2.1806995869999355
1030 2.0251377895999783 0.051853932466652417 2.560513794811712
1031 3.134914111999933
1031 2.8446846680000135
1031 2.8987479329999815
1031 2.8112182270000403
1031 2.84748105999995
1031 2.8384519510000246
1031 2.9581268759999375
1031 2.8201930000000175
1031 2.875538548999998
1031 2.7112692700000025
1031 2.8740625645999898 0.054264431533329084 1.8880741220357384
1032 1.5603045850000399
1032 1.5298114209999767
1032 1.5748265619999984
1032 1.5674483020000025
1032 1.699167874000068
1032 1.6994959920000383
1032 1.6206775389999848
1032 1.628702976999989
1032 1.660181396999974
1032 1.6339860559999124
1032 1.6174602704999983 0.005508595166638042 0.3405706629774093
1033 2.8486139240000057
1033 2.752984523000009
1033 2.762577194999949
1033 2.7856486319999476
1033 2.801861604999999
1033 2.8216422099999363
1033 2.7912694870000223
1033 2.8265787579999824
1033 2.7055143909999515
1033 2.7441772789999277
1033 2.7840868003999732 0.013303173800015186 0.47782898859705086
1034 1.6152966590000233
1034 1.6946180029999596
1034 1.6946850150000046
1034 1.6626158629999281
1034 1.733715865000022
1034 1.6186439370000016
1034 1.677665483999931
1034 1.6602411640000128
1034 2.378341127999988
1034 2.515339855000093
1034 1.8251162972999964 0.23007451923336553 12.606019658787144
1035 1.6730425640000703
1035 1.6363972799999829
1035 1.6925237279999692
1035 1.6096103010000888
1035 1.7777840830000287
1035 1.6927217449999716
1035 1.6715661879999288
1035 1.6183961140000065
1035 1.5569376859999693
1035 1.6237196409999797
1035 1.6552699329999996 0.010516764000006637 0.6353503915186889
1036 1.4822739749999982
1036 1.5943756430000349
1036 1.6761592240000027
1036 1.5795403409999835
1036 1.4934447499999806
1036 1.5310943089999682
1036 1.537476444000049
1036 1.5342121769999721
1036 1.4867278570000053
1036 1.5162372720000121
1036 1.5431541992000006 0.008972309066662834 0.5814266047627803
1037 2.035517249999998
1037 2.008330916000091
1037 1.9572201019999511
1037 2.0033693130000074
1037 1.9119556300000795
1037 1.9987611839999317
1037 2.0404456479999453
1037 1.8752433329999576
1037 1.8949907350000785
1037 1.9806133160000172
1037 1.9706447427000058 0.0033228577666704804 0.16861779775271876
1038 3.2521029529999623
1038 2.998120645999961
1038 2.944364670000027
1038 2.7009669340000073
1038 2.8038689449999765
1038 2.673888666000039
1038 2.6012120709999635
1038 2.6505642739999757
1038 2.6087551440000425
1038 2.61160254899994
1038 2.7845446851999895 0.0576473787333498 2.070262296013737
1039 2.5979722540000694
1039 2.6381257059999825
1039 2.606862206999949
1039 2.6040528350000614
1039 2.5376466909999635
1039 2.5505543430000444
1039 2.6767599170000267
1039 2.5886391770000046
1039 2.561430808999944
1039 2.5209851609999987
1039 2.5883029100000043 0.022439249666668548 0.8669483614137153
1040 1.236038494000013
1040 1.2560122859999865
1040 1.2913118980000036
1040 1.258582889999957
1040 1.2487931050000043
1040 1.2412874630000488
1040 1.2589861690000816
1040 1.2642115940000167
1040 1.1824726869999722
1040 1.2317886669999325
1040 1.2469485253000017 0.005053286100023054 0.4052521814248339
1041 2.367877601000032
1041 2.384224597999946
1041 2.3757288689999996
1041 2.3477136389999487
1041 2.436328818999982
1041 2.4222997729999634
1041 2.357465692000005
1041 2.4620774140000776
1041 2.381456882000066
1041 2.419324381000024
1041 2.3954497668000045 0.007958204733339821 0.33222173320590653
1042 2.4307432800000015
1042 2.2990055970000185
1042 2.3302005740000595
1042 2.3005725300000677
1042 2.3336525960000927
1042 2.334703053999988
1042 2.3465693040000133
1042 2.304069830000003
1042 2.2975904969999874
1042 2.3833311040000353
1042 2.3360438366000267 0.015762422466669552 0.6747485736231227
1043 2.3807164300000068
1043 2.360057122999933
1043 2.3190104799999745
1043 2.4258197120000204
1043 2.329843779999919
1043 2.280274544000008
1043 2.375191565000023
1043 2.332141808000074
1043 2.3736717219999264
1043 2.390158176
1043 2.3566885339999883 0.011156547333337189 0.47339931316257866
1044 1.416611904999968
1044 1.408361584999966
1044 1.4053578179999704
1044 1.3957274129999178
1044 1.408312684000066
1044 1.4021925600000031
1044 1.3501064499999984
1044 1.4186723730000494
1044 1.3775134390000403
1044 1.415905260000045
1044 1.3998761487000024 0.005343037100014195 0.381679272482499
1045 1.4595587290000367
1045 1.405291410000018
1045 1.4336419999999634
1045 1.386526850999985
1045 1.385314598999912
1045 1.3655246359999182
1045 1.3814734839999119
1045 1.3809908179999866
1045 1.4063297940000439
1045 1.4340479969999933
1045 1.4038700317999768 0.010059321733338827 0.7165422372070464
1046 2.366286520000017
1046 2.3879365179999468
1046 2.373573618000023
1046 2.325736429000017
1046 2.2411129910000227
1046 2.3635185020000335
1046 2.287647670999945
1046 2.33949410799994
1046 2.3919189000000642
1046 2.3359403609999845
1046 2.3413165617999994 0.001792066933338295 0.07654099247307923
1047 2.407372705999933
1047 2.35256144199991
1047 2.298343024000019
1047 2.43407607000006
1047 2.4670495809999693
1047 2.4673254770000312
1047 2.378103868999915
1047 2.400460209000016
1047 2.434646576999967
1047 2.3318713449999677
1047 2.3971810299999787 0.021769895000003665 0.9081456397143214
1048 2.3808525670000336
1048 2.40895774899991
1048 2.2667686130000675
1048 2.3066298689999485
1048 2.3448792140000023
1048 2.3701732130000437
1048 2.4122766529999353
1048 2.353824103999955
1048 2.367169448000027
1048 2.394479541999999
1048 2.360601097199992 0.011292814933335709 0.47838726105527063
1049 2.365089963999935
1049 2.294211523999934
1049 2.418423039000004
1049 2.417678662999947
1049 2.371383956999921
1049 2.3707388910000873
1049 2.4154530810000097
1049 2.386378337999986
1049 2.3746998430000303
1049 2.3676515109999627
1049 2.3781708810999818 0.00350645670000634 0.1474434292284535
1050 1.179986604000078
1050 1.2058526199999733
1050 1.2922180690000005
1050 1.2096526819999553
1050 1.2195342309998978
1050 1.2492069490000404
1050 1.2838288949999423
1050 1.2185661790000495
1050 1.2502290329999823
1050 1.2147205380000514
1050 1.232379579999997 0.0058863473333152045 0.4776407714671172
1051 2.4164419609999186
1051 2.3559917299999142
1051 2.4116587539999728
1051 2.3711617919999526
1051 2.422752253999988
1051 2.371172054999988
1051 2.3468702540000095
1051 2.3752492200000006
1051 2.5082537910000156
1051 2.5007774289999816
1051 2.4080329239999743 0.030914835000002437 1.2838211094161422
1052 2.4583736430000727
1052 2.3621462669999573
1052 2.3716981889999715
1052 2.3090048690000913
1052 2.3170843390000755
1052 2.347303719000138
1052 2.3488646149999113
1052 2.3371661959999983
1052 2.2976617350000197
1052 2.3794851600000584
1052 2.352878873200029 0.008868762266676397 0.37693237708469246
1053 1.4074626579999858
1053 1.3629196209999463
1053 1.4067952560001231
1053 1.3865618669999549
1053 1.343719485000065
1053 1.3201339869999629
1053 1.3901663250001093
1053 1.3709142699999575
1053 1.30724444700013
1053 1.3387050569999701
1053 1.3634622973000206 0.008252413433350148 0.6052542449975982
1054 1.512189688000035
1054 1.5047326449998764
1054 1.4245679160001146
1054 1.4693207430000257
1054 1.478039544000012
1054 1.5020998590000545
1054 1.4952942200000052
1054 1.524729983000043
1054 1.4821031249998668
1054 1.5153999240001212
1054 1.4908477647000153 0.008184053100035301 0.5489529711762405
1055 2.3510521629998493
1055 2.3256024060001437
1055 2.3531385900000714
1055 2.4086528750001435
1055 2.3607299600000715
1055 2.3736898330000713
1055 2.408221220999849
1055 2.3453015099998993
1055 2.3387539580000976
1055 2.4075477810001757
1055 2.3672690297000374 0.013426250433379453 0.5671620024987497
1056 1.280770190999874
1056 1.2300862009999491
1056 1.270022014999995
1056 1.2455255170000328
1056 1.2831086670000786
1056 1.2555573910001385
1056 1.2079876450000029
1056 1.240249079000023
1056 1.2869968710001558
1056 1.2869410270000117
1056 1.258724460400026 0.009405522199995206 0.747226457886272
1057 2.280113351999944
1057 2.2722777819999465
1057 2.2506145029999516
1057 2.2161483149998276
1057 2.256171666
1057 2.2471706310000172
1057 2.2733889129999625
1057 2.179590267000094
1057 2.199774151999918
1057 2.2650090969998473
1057 2.2440258677999507 0.0069944097332988635 0.3116902453605048
1058 1.4383968329998424
1058 1.4286052370000561
1058 1.4221108110000387
1058 1.4677577350000774
1058 1.4631085519999942
1058 1.425478312999985
1058 1.4500074100001257
1058 1.4807200230000035
1058 1.465171736000002
1058 1.42180442699987
1058 1.4463161076999995 0.008170560233376515 0.5649221625810229
1059 2.48213391399986
1059 2.473094845000105
1059 2.4890621069998815
1059 2.4874185030000717
1059 2.5570892170001116
1059 2.524320665999994
1059 2.547879297999998
1059 2.509567165999897
1059 2.4990770760000487
1059 2.4832305560000805
1059 2.5052873348000047 0.007352259599974727 0.29346971494435997
1060 1.4888468839999405
1060 1.4903640110001106
1060 1.4995195960000274
1060 1.498084573999904
1060 1.5018130969999675
1060 1.5285161589999916
1060 1.4932877849998931
1060 1.475206326000034
1060 1.518706150000071
1060 1.512309223000102
1060 1.500665380500004 0.003881280833365993 0.2586373274015821
1061 2.420817057000022
1061 2.4115697069998987
1061 2.5167208440000195
1061 2.4758486750001794
1061 2.5923480779999863
1061 2.370969207000144
1061 2.5018876550000186
1061 2.527236592999998
1061 2.494324961999837
1061 2.4911968310000248
1061 2.4802919609000127 0.0036349567000040217 0.1465535814858272
1062 1.6064586249999593
1062 1.6031062160000147
1062 1.5615056679998816
1062 1.5565552350001326
1062 1.4866686940001728
1062 1.5752862870001536
1062 1.5489819770000395
1062 1.5845985360001578
1062 1.5967542660000618
1062 1.549865508000039
1062 1.5669781012000612 0.005704197733340743 0.3640253637860169
1063 2.5068042800000967
1063 2.4349786189998213
1063 2.5159523199999967
1063 2.526528740999993
1063 2.5918113790000916
1063 2.513082878999967
1063 2.506868575999988
1063 2.4146069790001548
1063 2.476917545999868
1063 2.4650543139998717
1063 2.495260563299985 0.010068749766704391 0.40351496412015814
1064 1.3952854970000317
1064 1.3221733249999943
1064 1.3967325930000243
1064 1.4206528469999284
1064 1.3534993079999822
1064 1.3331946809998954
1064 1.3753509449998091
1064 1.3290969900001528
1064 1.3754387849999148
1064 1.3260639430000083
1064 1.3627488913999741 0.012228316133321945 0.897327175277288
1065 1.6534789929999079
1065 1.6509705710000162
1065 1.6981080590001056
1065 1.6399594790000265
1065 1.6533540240000093
1065 1.63849879899999
1065 1.6406326169999375
1065 1.6170727779999652
1065 1.6138676739999482
1065 1.6709522119999747
1065 1.6476895205999882 0.007754230466662164 0.4706123556480802
1066 1.5425120009999773
1066 1.4373164910000469
1066 1.5461973569999827
1066 1.4866351869998198
1066 1.523227646000123
1066 1.5179155900000296
1066 1.498908037000092
1066 1.4968360990001202
1066 1.5006023529999766
1066 1.537280237999994
1066 1.5087430999000162 0.009512379366659236 0.6304837031095365
1067 1.7632174319999194
1067 1.8234913779999715
1067 1.9021253960002014
1067 1.8423102710000876
1067 1.888140723000106
1067 1.818706058999851
1067 1.892144536999922
1067 1.9064192939999884
1067 1.883348461999958
1067 1.9227370099999916
1067 1.8642640561999997 0.01949098459999732 1.0455055728385674
1068 1.7276995790000456
1068 1.6968514329998925
1068 1.7258706340001027
1068 1.6272238839999318
1068 1.662014567000142
1068 1.7367277809998996
1068 1.6917576179998832
1068 1.6676828140000453
1068 1.696379934999868
1068 1.714234701000123
1068 1.6946442945999933 0.006530135466709922 0.3853395953073035
1069 2.4476302969999324
1069 2.416471541999954
1069 2.527979761000097
1069 2.392811186000017
1069 2.645206637000001
1069 2.6092027960000905
1069 2.5187393539999903
1069 2.51475032999997
1069 2.5489825810000184
1069 2.601877360999879
1069 2.522365184499995 0.026504058833294614 1.050762157524327
1070 1.9076647499998671
1070 1.8411979319998864
1070 1.799579576000042
1070 1.941007129999889
1070 1.9057437400001618
1070 1.881781829999909
1070 1.871730639000134
1070 1.829368207000016
1070 1.9323001010000098
1070 1.811403867000081
1070 1.8721777771999997 0.02025797006663958 1.0820537618461155
1071 1.4480936449999717
1071 1.4261565829999654
1071 1.424811211999895
1071 1.321194104999904
1071 1.3589538409999022
1071 1.357319895000046
1071 1.4422349280000617
1071 1.4286154989999886
1071 1.3801184540000122
1071 1.4184136819999367
1071 1.4005911843999683 0.005940832533322782 0.42416606640772997
1072 1.5448199899999508
1072 1.5500571860000036
1072 1.4941381129999627
1072 1.5749808099999427
1072 1.6230884610001794
1072 1.5696599990001232
1072 1.5976384010000402
1072 1.5813463429999501
1072 1.520349754000108
1072 1.572320555000033
1072 1.5628399612000294 0.003160197933334515 0.2022086721475916
1073 1.6958833820001473
1073 1.6481853490001868
1073 1.6165143450000414
1073 1.605341456999895
1073 1.658653705000006
1073 1.7174084119999407
1073 1.6438039129998288
1073 1.5880415019998964
1073 1.5515981600001396
1073 1.5697768169998199
1073 1.6295207041999902 0.01991462906672344 1.2221157433222358
1074 2.5078991110001425
1074 2.478397242000028
1074 2.463171941999917
1074 2.526970054000003
1074 2.495056358000056
1074 2.4884405870000137
1074 2.4741570749999937
1074 2.445099237000022
1074 2.486924969000029
1074 2.3815353649999906
1074 2.4747651940000197 0.031076609666676358 1.2557397260160477
1075 1.5059430869998778
1075 1.5124366070001543
1075 1.5072537440000815
1075 1.470093795000139
1075 1.4795062610000969
1075 1.4663435400000253
1075 1.5334427459999915
1075 1.5104896379998536
1075 1.4927782530000968
1075 1.492234006999979
1075 1.4970521678000295 0.0016060536000167915 0.10728107106494116
1076 2.4673351359999742
1076 2.4283531859998675
1076 2.4854304800001046
1076 2.4828553500001362
1076 2.421794163999948
1076 2.4372331780000422
1076 2.4679189249998217
1076 2.456794033000051
1076 2.4623807790001138
1076 2.4507720110000264
1076 2.4560867242000084 0.0017715710666606672 0.07212982543349318
1077 2.4783178549998865
1077 2.490278584999942
1077 2.540073610000036
1077 2.497767022000062
1077 2.5574967229999856
1077 2.5113683390000006
1077 2.460007588000053
1077 2.5259283499999583
1077 2.477722897000149
1077 2.5124166840000726
1077 2.5051377653000144 0.0024263062333527152 0.09685320571829477
1078 1.3162626880000516
1078 1.2742567479999707
1078 1.267212040000004
1078 1.2328641789999892
1078 1.3494351230001485
1078 1.3048806140000124
1078 1.3032584420000148
1078 1.2703145130001303
1078 1.3461805140000251
1078 1.3072474650000458
1078 1.2971912326000392 0.003352077466668879 0.25841043189523466
1079 1.7612879699997848
1079 1.8291849800000364
1079 1.8625409430001127
1079 1.8493649399999867
1079 1.7457840560000477
1079 1.9175991239999348
1079 1.9460698529999263
1079 1.9903436360000342
1079 1.9859510320000027
1079 2.002224675999969
1079 1.8890351209999836 0.03772985166666176 1.9973081096919472
1080 1.4028687160000572
1080 1.4460567230000834
1080 1.434469992000004
1080 1.4927202970000053
1080 1.461483964999843
1080 1.5049255309997989
1080 1.4715743980000298
1080 1.4810997570000382
1080 1.4639362410000558
1080 1.4612832309999249
1080 1.4620418850999841 0.00025288470001975466 0.017296679568277944
1081 1.841518201999861
1081 1.8875548199998775
1081 1.7655752269999994
1081 1.673602204999952
1081 1.721859878000032
1081 1.6816852970000582
1081 1.7365137659999164
1081 1.6270488079999268
1081 1.6487169170000016
1081 1.6737525280000227
1081 1.7257827647999648 0.017343412266647373 1.0049591768091186
1082 2.594895741000073
1082 2.6384746500000347
1082 2.681918630999917
1082 2.6441637249999985
1082 2.6891897319999316
1082 2.6861720800000057
1082 2.635731384999872
1082 2.6535674369999924
1082 2.6747045810000145
1082 2.614404071999843
1082 2.6513222033999684 0.012306043800041818 0.4641474274330352
1083 1.4611766759999227
1083 1.527096833000087
1083 1.5265281370000139
1083 1.5320472670000527
1083 1.5493472219998239
1083 1.5322250599999734
1083 1.5243686619999153
1083 1.4611760720001712
1083 1.519749665000063
1083 1.5062244150001334
1083 1.5139940009000157 0.0025898619666274345 0.17106157389579177
1084 2.7993586170000526
1084 2.6138344710000183
1084 2.6828580060000604
1084 2.694581780000135
1084 2.673579866000182
1084 2.6645900000000893
1084 2.7341100889998415
1084 2.66348098200001
1084 2.6960983029998715
1084 2.575637648000111
1084 2.6798129762000373 0.03472510939997549 1.2958034649573023
1085 1.4948761499999819
1085 1.5067731889998868
1085 1.482467164000127
1085 1.4718463700000939
1085 1.4791663710000194
1085 1.5442045070001313
1085 1.495440015999975
1085 1.5320379089998823
1085 1.4721216620000632
1085 1.4796746959998472
1085 1.4958608034000007 0.005395369133384491 0.36068657732866216
1086 2.6424020950000795
1086 2.6025073340001654
1086 2.6705042589999266
1086 2.6196648130000995
1086 2.5830083600001217
1086 2.6329398240000046
1086 2.6749690070000725
1086 2.6225490449999143
1086 2.583869856999854
1086 2.6136744870000257
1086 2.6246089081000266 0.0036448070333336227 0.13887048169672353
1087 2.7072108200000002
1087 2.6640705059999163
1087 2.6397901380000803
1087 2.6707895120000558
1087 2.6949856629998976
1087 2.588112137000053
1087 2.6571094119999543
1087 2.6802324660000068
1087 2.654698791999863
1087 2.68160439899998
1087 2.663860384499981 0.0059146714999996535 0.22203383985192846
1088 1.3912234240001453
1088 1.3530519579999236
1088 1.3229403400000592
1088 1.351341340999852
1088 1.3767805340000905
1088 1.3393721580000602
1088 1.3065685909998592
1088 1.4209492699999373
1088 1.371737128000177
1088 1.3182636889998776
1088 1.3552228432999982 0.012319718100040216 0.9090547846759596
1089 1.3334509559999788
1089 1.382661588000019
1089 1.3627418280000256
1089 1.326421642000014
1089 1.4071438990001752
1089 1.3849001510000107
1089 1.301907637000113
1089 1.3661549099999775
1089 1.374401607999971
1089 1.4340368279999893
1089 1.3673821047000274 0.022218241099987306 1.624874351040413
1090 2.5867812559999948
1090 2.602823074999833
1090 2.599868511000068
1090 2.625934959999995
1090 2.5827584239998487
1090 2.5710578929999883
1090 2.4797571029998835
1090 2.5428724160001366
1090 2.5497800829998596
1090 2.6050782390000222
1090 2.574671195999963 0.010135681000019789 0.3936689475443192
1091 2.7090847399999802
1091 2.635199817000057
1091 2.6549952140001096
1091 2.5545623840000644
1091 2.5751290199998493
1091 2.668400023000004
1091 2.550506951999978
1091 2.5869496910002
1091 2.6442600169998514
1091 2.661781534000056
1091 2.624086939200015 0.012564864933347113 0.47882807332510363
1092 1.3496068780000314
1092 1.4165104820001488
1092 1.3390968650001014
1092 1.4184112670000104
1092 1.3520392319999246
1092 1.3204177319998962
1092 1.3869663530001617
1092 1.3334932159998516
1092 1.3669367160000547
1092 1.3612868840000374
1092 1.364476562500022 0.001063226166661509 0.07792190762979792
1093 2.528293993000034
1093 2.623725377000028
1093 2.640012908000017
1093 2.620546534000141
1093 2.580361086000039
1093 2.6948576769998454
1093 2.4789227740000115
1093 2.686869970000089
1093 2.607835690999991
1093 2.6253719999999703
1093 2.6086798010000165 0.0055640663333179265 0.21329050545739595
1094 2.522980426999993
1094 2.617467605999991
1094 2.4939373790000445
1094 2.543050512000036
1094 2.519098863999943
1094 2.466527671999984
1094 2.5943394199998693
1094 2.539390813000182
1094 2.522368565999841
1094 2.5841973700000835
1094 2.5403358628999966 0.014620502366695654 0.5755342268012222
1095 1.7569246460000159
1095 1.76289323900005
1095 1.7144807130000572
1095 1.6766337410001597
1095 1.7669628579999426
1095 1.681560933000128
1095 1.7571462079999947
1095 1.7122723369998312
1095 1.730510157000026
1095 1.7599112059999698
1095 1.7319296038000176 0.009327200733317387 0.5385438711165064
1096 2.059566395999809
1096 2.074570435999931
1096 2.117552577999959
1096 2.0600309520000337
1096 2.1717248130000826
1096 2.030224510999915
1096 2.0460722390000683
1096 2.0898748240001623
1096 2.049092908000148
1096 2.0651178250000157
1096 2.0763827482000123 0.0037549743999988707 0.18084211127519753
1097 2.45949292399996
1097 2.580572686000096
1097 2.5469456579999132
1097 2.653938417000063
1097 2.5571233269999993
1097 2.436090957000033
1097 2.505802119000009
1097 2.5091961850000644
1097 2.6404919520000476
1097 2.495759077999992
1097 2.538541330300018 0.014260750766675361 0.561769493230585
1098 1.6828465359999427
1098 1.5959794030000012
1098 1.6954725559999133
1098 1.5805521610000142
1098 1.6097120269998868
1098 1.664619883999876
1098 1.627805257999853
1098 1.6324641000001066
1098 1.6649039300000368
1098 1.6701951589998316
1098 1.6424551013999462 0.009246685866628468 0.5629795212512694
1099 2.5651753279998957
1099 2.5484790849998262
1099 2.5941495530000793
1099 2.530322160999958
1099 2.5641423780000423
1099 2.529694000000063
1099 2.5375890360000994
1099 2.6059590549998575
1099 2.5598098429998117
1099 2.602196423000123
1099 2.563751686199976 0.012814912266715753 0.4998499790636968
1100 1.3224908770000638
1100 1.323508431999926
1100 1.335723327000096
1100 1.255900901999894
1100 1.3403224000001046
1100 1.3500765649998812
1100 1.3040112700000464
1100 1.4079320440000629
1100 1.3710292769999342
1100 1.2969756170000437
1100 1.3307970711000052 0.011273818033320504 0.8471477942164265
1101 2.7170926700000564
1101 2.6531258219999927
1101 2.725532859000168
1101 2.684706872999868
1101 2.620000174999859
1101 2.575699527999859
1101 2.6791795920000823
1101 2.6948600910000096
1101 2.709810098999924
1101 2.6563596019998386
1101 2.671636731099966 0.00509237636670908 0.19060886187967804
1102 1.533617219000007
1102 1.5820264239998778
1102 1.5758896970000933
1102 1.4853163790000963
1102 1.4978527490000033
1102 1.5788487879999593
1102 1.5535674669999935
1102 1.5376370310000311
1102 1.5046164299999418
1102 1.4742651400001705
1102 1.5323637324000174 0.019366197466615647 1.2638120478278312
1103 2.712175742999989
1103 2.7467587489998095
1103 2.87824770300017
1103 2.9276041320001696
1103 2.7392691049999485
1103 2.773904332000029
1103 2.708790732999887
1103 2.680178735000027
1103 2.7133813549999104
1103 2.6294766329999675
1103 2.750978721999991 0.040500696333341114 1.4722286293765543
1104 1.3505272360000617
1104 1.396628150999959
1104 1.3976224629998342
1104 1.4582707110000683
1104 1.4472795410001709
1104 1.390703628999745
1104 1.5126337189999504
1104 1.226299119000032
1104 1.2031507100000454
1104 1.2010724330002631
1104 1.358418771200013 0.052448779399916656 3.8610169788498983
1105 1.2563002570000208
1105 1.2510428359996695
1105 1.2426261939999677
1105 1.2519888520000677
1105 1.2407661580000422
1105 1.2510084239997923
1105 1.2612358999999742
1105 1.2536252119998608
1105 1.2808903300001475
1105 1.3022695619997648
1105 1.2591753724999308 0.014364729833278005 1.1408045413689025
1106 1.5442032979999567
1106 1.5671195810000427
1106 1.614160173000073
1106 1.6730307910002011
1106 1.5126744680001138
1106 1.5134894789998725
1106 1.5552916659999028
1106 1.5971487920000982
1106 1.5270222750000357
1106 1.5630004579998058
1106 1.5667140981000103 0.0012378800334014912 0.07901122705812735
1107 1.4630934599999819
1107 1.4876557610000418
1107 1.4813904440002261
1107 1.3995030250002856
1107 1.3926895370000238
1107 1.354981418999614
1107 1.440134314000261
1107 1.4166583899996112
1107 1.4677269450003223
1107 1.4434058259998892
1107 1.4347239121000257 0.002893971299954501 0.20170928187281373
1108 2.315801452999949
1108 2.230179173000124
1108 2.3598014509998393
1108 2.3417169740000645
1108 2.248310438000317
1108 2.404387955999937
1108 2.28834163800002
1108 2.400600573000247
1108 2.304075565000403
1108 2.3501031289997627
1108 2.3243318350000663 0.008590431333232118 0.3695871305411894
1109 2.364030449999973
1109 2.440048888000092
1109 2.491810201000135
1109 2.367329430999689
1109 2.300681197999893
1109 2.4530549460000657
1109 2.385996490999787
1109 2.4704493819999698
1109 2.42472639000016
1109 2.4177719360000083
1109 2.4115899312999773 0.002060668233343647 0.08544853362498636
1110 1.57410271200024
1110 1.4943726550000065
1110 1.4801528359998883
1110 1.4191731510004502
1110 1.58371107999983
1110 1.4495244419999835
1110 1.4873315680001724
1110 1.485521037000126
1110 1.4652052420001382
1110 1.5009543169999233
1110 1.4940049040000758 0.0023164709999491753 0.1550510974727736
1111 1.9559670990001905
1111 1.9675022139999783
1111 2.0376571050001075
1111 1.9743060410000908
1111 1.9127434730003188
1111 1.9930413199999748
1111 1.9453568710000582
1111 2.0141416390001723
1111 2.0097393750002084
1111 1.9287698990001445
1111 1.9739225036001244 0.015050868199993312 0.7624852633547109
1112 2.4307272819996797
1112 2.4824855759998172
1112 2.3796451440002784
1112 2.4238159940000514
1112 2.4660788129999673
1112 2.3985980610000297
1112 2.377591620000203
1112 2.4033794560000388
1112 2.3988896539999587
1112 2.374663920999865
1112 2.413587552099989 0.012974543700041401 0.5375625876406532
1113 1.6587729379998564
1113 1.678214861000015
1113 1.608193391000441
1113 1.6786833419996583
1113 1.664144159999978
1113 1.6944151560001046
1113 1.6203391590001957
1113 1.6446198300000106
1113 1.6490356760000395
1113 1.6451498880001054
1113 1.6541568401000404 0.003002317366644987 0.18150137241299394
1114 2.312162581999928
1114 2.4249156539999603
1114 2.425992072000099
1114 2.4311867060000623
1114 2.33058574100005
1114 2.390013887999885
1114 2.4535119560000567
1114 2.419646459999967
1114 2.5123937429998477
1114 2.363797719000104
1114 2.406420652099996 0.014207644366630726 0.5904056863139132
1115 2.5166148930002237
1115 2.5067765099997814
1115 2.4783567939998647
1115 2.46286254000006
1115 2.4436986260002413
1115 2.4018719890000284
1115 2.4947940449997077
1115 2.556608361000144
1115 2.478934243999902
1115 2.5420350690001214
1115 2.4882553071000073 0.017926587300038044 0.7204480685276217
1116 1.508737364999888
1116 1.4502579500003776
1116 1.5089779439999802
1116 1.5200382389998595
1116 1.446208254999874
1116 1.4889114809998318
1116 1.4401463869999134
1116 1.458695119999902
1116 1.413637720999759
1116 1.4053424230000928
1116 1.4640952884999479 0.01958428849995168 1.3376375604634954
1117 2.493419695999819
1117 2.515751284000089
1117 2.59928683499993
1117 2.483048838999821
1117 2.4076099640001303
1117 2.5145444649997444
1117 2.486354461999781
1117 2.395816158999878
1117 2.4870641239999713
1117 2.4550659080000514
1117 2.4837961735999214 0.009576755199956672 0.3855692871157169
1118 1.6045723289998932
1118 1.6289112580002438
1118 1.5942328649998672
1118 1.6539728279999508
1118 1.6855907059998572
1118 1.6034859500000493
1118 1.6293818509998346
1118 1.5594962149998537
1118 1.5894855800002006
1118 1.610594048999701
1118 1.6159723630999452 0.0017927713667480472 0.11094071951261256
1119 2.5258393029998842
1119 2.441223409000031
1119 2.4140041729997392
1119 2.522184432999893
1119 2.474566692999815
1119 2.449905080999997
1119 2.5008070110002336
1119 2.5052989260002505
1119 2.5591620609998245
1119 2.549794269999893
1119 2.494278535999956 0.018505244666645677 0.7419077059582252
1120 1.3371332950000578
1120 1.301964990000215
1120 1.3272496320000755
1120 1.345501640999828
1120 1.2922651580001911
1120 1.3437871000000996
1120 1.2559814969999934
1120 1.3253911070000868
1120 1.2912017210001068
1120 1.2747028909998335
1120 1.3095179032000488 0.01160500406673844 0.8862043075836894
1121 1.7816439120001633
1121 1.7986021670003538
1121 1.8523813850001716
1121 1.754431921000105
1121 1.806625189999977
1121 1.7435047439998925
1121 1.7916286960003163
1121 1.7852453529999366
1121 1.7800633960000596
1121 1.7234144349999951
1121 1.781754119900097 0.019446561633367294 1.091427903332569
1122 1.4944976229999156
1122 1.4394104640000478
1122 1.3579420199998822
1122 1.3914519290001408
1122 1.537561869000001
1122 1.5502150569996047
1122 1.4948462659999677
1122 1.505264514999908
1122 1.4977009160002126
1122 1.533885267000187
1122 1.4802775925999867 0.01786922480006677 1.2071536372229301
1123 2.64944408700012
1123 2.5569905110000946
1123 2.565171706000001
1123 2.50252306099992
1123 2.5775782780001464
1123 2.542881473000307
1123 2.5767581360000804
1123 2.575605349000398
1123 2.573672566999903
1123 2.608467776999987
1123 2.5729092945000955 0.011852827499963858 0.46067801633352207
1124 2.4182600379999712
1124 2.4744528940000237
1124 2.670537765000063
1124 2.5432566790000237
1124 2.6752950119998786
1124 2.6284002160000455
1124 2.577374222999879
1124 2.493353288000435
1124 2.6056547829998635
1124 2.6209283820003293
1124 2.570751328000051 0.01672568466675939 0.650614646566043
1125 1.4547060970003258
1125 1.5119005110000217
1125 1.4873587360002603
1125 1.433391460999701
1125 1.3935244699996474
1125 1.5332785370001147
1125 1.4680819270001848
1125 1.4469311990001188
1125 1.4251562329995977
1125 1.4157981020002808
1125 1.4570127273000253 0.013738208433248172 0.9429024315186526
1126 2.5815941660002864
1126 2.416010004999862
1126 2.5592752560000918
1126 2.433250191999832
1126 2.388229317999958
1126 2.505998326000281
1126 2.4252259620002405
1126 2.4779003879998527
1126 2.4365760389996467
1126 2.400788326000111
1126 2.462484797800016 0.020565490599968445 0.8351519821905765
1127 1.5385513530000026
1127 1.5406767179997587
1127 1.4920993789996828
1127 1.5396229400002994
1127 1.4953283300001203
1127 1.442094865999934
1127 1.4589613570001347
1127 1.4702217830003974
1127 1.4646540530002312
1127 1.5510798730001625
1127 1.4993290652000724 0.017250269266696705 1.1505325726740852
1128 1.6061407719998897
1128 1.5720609589998276
1128 1.6019555419998142
1128 1.5494308360002833
1128 1.621353997999904
1128 1.639295999999831
1128 1.681098791000295
1128 1.6060970019998422
1128 1.6526096490001692
1128 1.6796133589996316
1128 1.6209656907999488 0.019549222733227605 1.2060232270295639
1129 2.424975420999999
1129 2.553743750999729
1129 2.356169826000041
1129 2.534539990999747
1129 2.43124707700008
1129 2.51200314100015
1129 2.3793952080000054
1129 2.506263355000101
1129 2.6299478300002193
1129 2.498485438999978
1129 2.482677103900005 0.005269445033324456 0.21224850485174873
1130 2.069389687000239
1130 2.0127186899999288
1130 1.9802538069998263
1130 1.9143740969998362
1130 2.093257117000121
1130 1.9945943669999906
1130 2.0143124890000763
1130 1.971304992000114
1130 2.011628689999725
1130 2.0680521640001643
1130 2.012988610000002 0.018354518000054092 0.9118043643602173
1131 1.628368521000084
1131 1.5328580520003925
1131 1.5804051559998697
1131 1.583203358999981
1131 1.5718741099999534
1131 1.5203808450000906
1131 1.5916544140000042
1131 1.602878918999977
1131 1.5708194270000604
1131 1.5246195039999293
1131 1.5707062307000341 0.015362242233368276 0.9780468131536993
1132 2.4926345690000744
1132 2.48145655099961
1132 2.417087930999969
1132 2.446559313000307
1132 2.5122237980003774
1132 2.3697533329996077
1132 2.4782125069996255
1132 2.4263476579999406
1132 2.458970412000326
1132 2.428760389999752
1132 2.451200646199959 0.007480085400068948 0.3051600615259773
1133 2.138026243999775
1133 2.038018123999791
1133 2.1297233999998753
1133 2.1041779550000683
1133 2.138152722000086
1133 2.0728172589997484
1133 2.1296856690000823
1133 2.0865133579995927
1133 2.0883036639997954
1133 2.0613672679996853
1133 2.09867856629985 0.012437099433388296 0.5926157360684331
1134 1.3017606339999475
1134 1.2896103370003402
1134 1.3708240139999361
1134 1.3744846190002136
1134 1.2865039410003192
1134 1.3966477720000512
1134 1.354199613000219
1134 1.3663444750000053
1134 1.3330087379999895
1134 1.354179085999931
1134 1.3427563229000952 0.0038075876999452696 0.2835650545827714
1135 2.452326869999979
1135 2.4974488660000134
1135 2.4863493290004044
1135 2.5070551230001
1135 2.4768598910000037
1135 2.513135401999989
1135 2.5648924889997033
1135 2.4919795429996157
1135 2.534983418000138
1135 2.5473860659999445
1135 2.507241699699989 0.013381455433318479 0.5337122238721409
1136 1.7228831690003972
1136 1.7327867529998002
1136 1.766300585999943
1136 1.6782426320000923
1136 1.7168010780001168
1136 1.7305539270000736
1136 1.6469718899998043
1136 1.6749285579999196
1136 1.6823001769998882
1136 1.7790008639999542
1136 1.713076963399999 0.02197463353331841 1.282758101521875
1137 2.5022326759999487
1137 2.449211115000253
1137 2.4633313220001583
1137 2.4908967859996665
1137 2.4996545260000858
1137 2.4339616659999592
1137 2.410348398000224
1137 2.4779293659998984
1137 2.4617254499999035
1137 2.4930710530002216
1137 2.468236235800032 0.00827827240006318 0.3353922238071323
1138 2.399465595000038
1138 2.482733399999688
1138 2.543280525999762
1138 2.4378278350000073
1138 2.4834765689997766
1138 2.5165717280001445
1138 2.5209610120000434
1138 2.4592695509995792
1138 2.47274831499999
1138 2.427022004000264
1138 2.4743356534999292 0.015771216499888368 0.6373919592347991
1139 1.821385631999874
1139 1.8722522449997996
1139 1.8637870030001977
1139 1.8590804690002187
1139 1.837227926000196
1139 1.8133206520001295
1139 1.870567286000096
1139 1.7945165490000363
1139 1.8438901839999744
1139 1.8267372320001414
1139 1.8402765178000664 0.004513095266641676 0.24524006164230117
1140 1.4702685699999165
1140 1.4387623800002984
1140 1.4510717540001679
1140 1.4650072250001358
1140 1.4744537990000026
1140 1.4650404290000552
1140 1.4712348099997143
1140 1.4630792720004138
1140 1.4454146759999276
1140 1.5026383700001134
1140 1.4646971285000745 0.012647080500012953 0.8634604556755169
1141 2.4417118110000047
1141 2.5141351479996956
1141 2.5175280070002373
1141 2.410315194999839
1141 2.5131417409997994
1141 2.53632305300016
1141 2.5507946200000333
1141 2.4951876650002305
1141 2.505520488000002
1141 2.457583083999907
1141 2.4942240811999907 0.012213665733361209 0.48967796540097225
1142 2.481763236000006
1142 2.4648919159999423
1142 2.4672140920001766
1142 2.4622210970001106
1142 2.3916891869998835
1142 2.550639465999666
1142 2.515265599000031
1142 2.4956878400003006
1142 2.5117085299998507
1142 2.4883430869999756
1142 2.4829424049999944 0.0018002273333270757 0.07250378944360088
1143 2.5129204810000374
1143 2.499941289999697
1143 2.5695413700000245
1143 2.545248625000113
1143 2.494125133000125
1143 2.4844111140000678
1143 2.529724790000273
1143 2.546973127000001
1143 2.549132904000089
1143 2.4940282380002827
1143 2.5226047072000712 0.009525489733262837 0.37760532619617276
1144 1.4408451839999543
1144 1.4664319839998825
1144 1.4773727450001388
1144 1.4349632240000574
1144 1.468802758000038
1144 1.4466788479999195
1144 1.4438027669998519
1144 1.4554679799998667
1144 1.4264659850000498
1144 1.4198438739999801
1144 1.4480675348999739 0.009407886966664577 0.6496856493170695
1145 2.5183849750001173
1145 2.4829051560000153
1145 2.552197342999989
1145 2.5268568579999737
1145 2.550926833000176
1145 2.510447679000208
1145 2.508250773999862
1145 2.3857465539999794
1145 2.557363604999864
1145 2.428904978999981
1145 2.5021984756000166 0.024431165533345272 0.9763879952603192
1146 2.572229696999784
1146 2.4490505280000434
1146 2.4979336470000817
1146 2.4246479080002246
1146 2.479080040000099
1146 2.4311758399999235
1146 2.5032949060000647
1146 2.4692730500000835
1146 2.4272858250001264
1146 2.527139093000187
1146 2.478111053400062 0.016342679866708416 0.6594813353616918
1147 1.6797208190000674
1147 1.7541895309996107
1147 1.776522930000283
1147 1.711457024000083
1147 1.689881886999956
1147 1.745800055000018
1147 1.7480947630001538
1147 1.785305421999965
1147 1.7650412439998036
1147 1.7334526469999219
1147 1.7389466321999862 0.001831328400021463 0.10531251311057212
1148 1.5067644349996954
1148 1.5188830369997959
1148 1.6566705129998809
1148 1.583475030000045
1148 1.6039948789998562
1148 1.5885658259999218
1148 1.614517268000327
1148 1.5471732569999403
1148 1.5281623840000975
1148 1.5645803699999306
1148 1.571278699899949 0.0022327766333395025 0.14209933816844042
1149 2.5276785089999976
1149 2.531642477999867
1149 2.4391300389997923
1149 2.4368178249997072
1149 2.4716821609999897
1149 2.4476405599998543
1149 2.4794673210003566
1149 2.5104476800001976
1149 2.5608264930001496
1149 2.4419849910000266
1149 2.484731805699994 0.014248938233322406 0.5734598076394093
1150 1.4772012910002559
1150 1.523972928999683
1150 1.5369328010001482
1150 1.5631257280001591
1150 1.4665919669996583
1150 1.4227905899997495
1150 1.4789707689997158
1150 1.5210509650000859
1150 1.458453936999831
1150 1.4686687350003922
1150 1.4917759711999679 0.007702412066525222 0.5163249854687958
1151 2.586201390000042
1151 2.557500345000335
1151 2.5783812140002738
1151 2.5545400460000565
1151 2.5288696319998962
1151 2.5753828809997685
1151 2.5480576939999082
1151 2.456461388000207
1151 2.5619723380000323
1151 2.4964180289998694
1151 2.544378495700039 0.015986822233389802 0.6283193424408864
1152 1.3627874090002479
1152 1.3145454309997149
1152 1.342097312000078
1152 1.3183436809999876
1152 1.3191224700003659
1152 1.381863179999982
1152 1.411919558000136
1152 1.3151008450004156
1152 1.329961504000039
1152 1.311718251000002
1152 1.340745964100097 0.009675904366698296 0.7216806632860329
1153 2.837703349000094
1153 2.818104763000065
1153 2.781165772999884
1153 2.8862305799998467
1153 2.962025946999802
1153 2.7009521439999844
1153 2.8301485040001353
1153 2.8107280130002437
1153 2.901390680000077
1153 2.8063003930001287
1153 2.833475014600026 0.009058207199965787 0.3196854446674712
1154 2.6829808610000327
1154 2.787022076000085
1154 2.7937667400001374
1154 2.7687598039997283
1154 2.7468918670001585
1154 2.8056743439997263
1154 2.781046237999817
1154 2.754575301999921
1154 2.7527680919997692
1154 2.8201528539998435
1154 2.769363817799922 0.016929678733307234 0.611320138744239
1155 1.4665635930000462
1155 1.4154551939996054
1155 1.4762208629999805
1155 1.4456555570000091
1155 1.3520494940003118
1155 1.3785853290000887
1155 1.409035627999856
1155 1.3985407079999277
1155 1.4103758680003011
1155 1.4603118589998303
1155 1.4212794092999956 0.013010816566611553 0.915429892354495
1156 1.4777141429999574
1156 1.5305437239999264
1156 1.5206561380000494
1156 1.5110806710003999
1156 1.5397774900002332
1156 1.4783824520000053
1156 1.4916641029999482
1156 1.5297896879997097
1156 1.4822957090000273
1156 1.5543945519998488
1156 1.5116298670000106 0.01425489499994607 0.9430149080235108
1157 1.9999269509999067
1157 2.0242118469996058
1157 1.985781992000284
1157 1.9579152749997775
1157 1.94641185699993
1157 2.0733174339998186
1157 2.016838418000134
1157 1.95289360400011
1157 2.0364128549999805
1157 1.980696930999784
1157 1.997440716399933 0.005581261800049697 0.2794206483438982
1158 2.4467476710001392
1158 2.5543471599999066
1158 2.5707789779999075
1158 2.5276884700001574
1158 2.58244509799988
1158 2.5615129120001257
1158 2.589059964000171
1158 2.557298705999983
1158 2.6011870180000187
1158 2.498088499000005
1158 2.5489154476000295 0.01694231620000819 0.664687258102676
1159 1.839044192000074
1159 1.8606483079997815
1159 1.8591188039999906
1159 1.7716008710003734
1159 1.7899739230001614
1159 1.8018570770000224
1159 1.8310622209996836
1159 1.779697848000069
1159 1.7665484100002686
1159 1.8368789810001545
1159 1.813643063500058 0.007745305833365486 0.4270578918885071
1160 1.5523690989998613
1160 1.495117634000053
1160 1.519961869999861
1160 1.4893775470000037
1160 1.5481645509998998
1160 1.47364754299997
1160 1.4790069910000057
1160 1.5333410210000693
1160 1.5302246619999096
1160 1.460005173999889
1160 1.5081216091999523 0.016038811733354454 1.0634959167426112
1161 1.6734856879998006
1161 1.6552780530000746
1161 1.6625144399999954
1161 1.660879892000139
1161 1.6273829629999454
1161 1.6395637460000216
1161 1.6299097959999926
1161 1.6297036289997777
1161 1.6456917189998421
1161 1.62129785299976
1161 1.644570777899935 0.0077576416333916915 0.4717122386971971
1162 1.8428931539997393
1162 1.8878593929998715
1162 1.8355695310001465
1162 1.7822225700001582
1162 1.8696952250002141
1162 1.918777568999758
1162 1.9075105020001502
1162 1.8200619950002874
1162 1.8694697390001238
1162 1.8500018569998247
1162 1.8584061535000274 0.00280143216673423 0.15074380600054277
1163 2.6002355689997785
1163 2.5980238709998957
1163 2.5492288939999526
1163 2.637932216000081
1163 2.711840381000002
1163 2.593185124000229
1163 2.6356915409996873
1163 2.520385373999943
1163 2.5840491590001875
1163 2.5922397120002643
1163 2.602281184100002 0.003347157366579238 0.12862396988574665
1164 1.8990832939998654
1164 1.909265491000042
1164 1.9364856329998474
1164 1.91316456200002
1164 1.9038049209998462
1164 1.9476555020000887
1164 1.9295824939999875
1164 1.9039552449999064
1164 1.9749405419997856
1164 1.9009913249997226
1164 1.9218929008999113 0.006967191966729569 0.3625171810285181
1165 2.615986097000132
1165 2.68366637500003
1165 2.7007746519998364
1165 2.684650728000179
1165 2.6738409720001073
1165 2.665308718000233
1165 2.649879664999844
1165 2.6903570079998644
1165 2.6424443549999523
1165 2.7107503810002527
1165 2.671765895100043 0.012994828633403177 0.4863760203405318
1166 1.6939186039999186
1166 1.7377082089997202
1166 1.7074372110000695
1166 1.6881383689997165
1166 1.7394315030001053
1166 1.7047775610003555
1166 1.666748267999992
1166 1.6818827100000817
1166 1.6746879790002822
1166 1.6908411839999644
1166 1.6985571598000206 0.002571991933352076 0.15142215959661254
1167 2.670098866999979
1167 2.627009869000176
1167 2.681650582999737
1167 2.635337766000248
1167 2.70791384200038
1167 2.6160881249998056
1167 2.6393868579998525
1167 2.5212009879996913
1167 2.652538411000023
1167 2.7122056269995483
1167 2.646343093599944 0.021954177799868045 0.829604364338214
1168 1.7399724280003284
1168 1.7913549119998606
1168 1.7816200650004248
1168 1.7494748470003287
1168 1.6888124120000612
1168 1.8144891349998034
1168 1.8006505590001325
1168 1.7957891730002302
1168 1.7842836410000018
1168 1.7870830509996267
1168 1.7733530223000797 0.004576676233182327 0.25808038081702833
1169 2.620628035000209
1169 2.5879427959998793
1169 2.6262673040000664
1169 2.587585097000101
1169 2.589028268999755
1169 2.518927409999833
1169 2.639789836000091
1169 2.5692217040000287
1169 2.5923121579999133
1169 2.496493492999889
1169 2.5828196101999765 0.02877537240002918 1.1141069351645982
1170 1.494945275000191
1170 1.4714310169997589
1170 1.395506757000021
1170 1.5172276610001063
1170 1.5457243500000004
1170 1.4822437900002114
1170 1.4928470759996344
1170 1.4400419459998375
1170 1.4470389620000788
1170 1.476817932999893
1170 1.4763824766999734 0.00014515209997319664 0.009831605445334344
1171 2.687546428999667
1171 2.642230339999969
1171 2.7301636269999108
1171 2.597895281000092
1171 2.6635407490002763
1171 2.665901864999796
1171 2.7126209799998833
1171 2.66538961499964
1171 2.635814698000104
1171 2.6659417089999806
1171 2.666704529299932 0.00025427343331715 0.00953511836513445
1172 2.6029039719996945
1172 2.5916722229999323
1172 2.630027218000123
1172 2.5871063529998537
1172 2.628542994000327
1172 2.575286890999905
1172 2.61235718800026
1172 2.625818744999833
1172 2.6828118229996107
1172 2.563202399000147
1172 2.6099729805999687 0.015590193866607205 0.5973316192347479
1173 1.574252733999856
1173 1.6239113189999443
1173 1.6510876920001465
1173 1.590052163999644
1173 1.626082568000129
1173 1.5773585270003423
1173 1.5866599089999909
1173 1.641779366999799
1173 1.5476459629999226
1173 1.6167389260003802
1173 1.6035569169000154 0.004394003033454904 0.2740160319316485
1174 2.642099636000239
1174 2.575475852999716
1174 2.6538973650003754
1174 2.5497049210002842
1174 2.557433936000052
1174 2.58227213400005
1174 2.492288038999959
1174 2.501143279000189
1174 2.639960685999995
1174 2.6809243190000416
1174 2.5875200168000903 0.031134767399983772 1.2032667263570476
1175 1.626064456000222
1175 1.734759380000014
1175 1.6412296879998394
1175 1.729877468000268
1175 1.6432041260000005
1175 1.674802987000021
1175 1.6956111079998664
1175 1.7013647810003931
1175 1.7064552749998256
1175 1.6598125290001917
1175 1.6813181798000643 0.007168550266624181 0.42636488160002156
1176 1.4225312949997715
1176 1.3655868179998834
1176 1.3503440089998549
1176 1.3212104049998743
1176 1.3950412960002723
1176 1.357069657000011
1176 1.3962345310001183
1176 1.4354141949997938
1176 1.3812953890001154
1176 1.4205822130002161
1176 1.384530980799991 0.012017077400075035 0.8679529433954225
1177 2.1493017630000395
1177 2.166840787000183
1177 2.1530972959999417
1177 2.112434312000005
1177 2.2058900510000967
1177 2.2134014279999974
1177 2.087731346000055
1177 2.1399475550001625
1177 2.157986150999932
1177 2.1481848960002026
1177 2.1534815585000615 0.0017655541666196466 0.081986036037819
1178 1.6794551860002684
1178 1.6491835859997082
1178 1.626308355999754
1178 1.6388423109997348
1178 1.625984464999874
1178 1.6595538389997273
1178 1.612659345999873
1178 1.6548053470000923
1178 1.6346456109999963
1178 1.5943382129999009
1178 1.6375776259998929 0.014413137666664003 0.880149889557965
1179 2.3198206619999837
1179 2.2217851690002135
1179 2.306327108000005
1179 2.336110606999682
1179 2.274385641000208
1179 2.243444523999642
1179 2.2688468899996224
1179 2.288109813000119
1179 2.340851552999993
1179 2.257810743000391
1179 2.285749270999986 0.009312842666531651 0.40743063050206735
1180 1.7577816140001232
1180 1.6652109169999676
1180 1.7332688169999528
1180 1.710960772999897
1180 1.652990287999728
1180 1.7181084149997332
1180 1.7358819820001372
1180 1.6780585000001338
1180 1.6782948530003523
1180 1.7283180809999976
1180 1.7058874240000024 0.007476885666665082 0.4382988913261999
1181 2.661749840000084
1181 2.639381123000021
1181 2.620222039000055
1181 2.671814313000141
1181 2.652635004000331
1181 2.606571519999761
1181 2.5729734689998622
1181 2.66393708600026
1181 2.665635628000018
1181 2.6827807310000935
1181 2.6437700753000626 0.01300355190001031 0.4918563842407677
1182 2.6617371620000085
1182 2.5953491269997357
1182 2.6286477380003817
1182 2.6207913389998794
1182 2.5303405740000926
1182 2.661730823000198
1182 2.6020826240001043
1182 2.5658635589998084
1182 2.635942684999918
1182 2.625131420999878
1182 2.6127617052000005 0.0041232385999592225 0.15781150618340062
1183 1.6081161150000298
1183 1.5749934880000183
1183 1.5501027670002259
1183 1.621785047999765
1183 1.593803022999964
1183 1.6139428360002057
1183 1.6175041300002704
1183 1.6395960439999726
1183 1.5437571560000833
1183 1.5494112149999637
1183 1.5913011822000498 0.013963322400028696 0.8774782898560873
1184 1.6253837720000774
1184 1.613276641000084
1184 1.5264312409999548
1184 1.5865255829999114
1184 1.5775740520002728
1184 1.527118868999878
1184 1.5738557929998933
1184 1.590120382999885
1184 1.6757876399997258
1184 1.573001541999929
1184 1.586907551599961 0.0046353365333440255 0.2920987129130843
1185 1.9166295640002318
1185 1.9204299269999865
1185 1.9775612529997488
1185 1.8962069109998083
1185 1.9104638589997194
1185 1.8760864159999073
1185 1.8925725690000945
1185 1.9268310790002943
1185 1.9282564430000093
1185 1.8659516100001383
1185 1.911098963099994 0.015049117699951875 0.7874588386328617
1186 2.615809813999931
1186 2.596391434999987
1186 2.604598893000002
1186 2.5880019600003834
1186 2.664492199000051
1186 2.615425551000044
1186 2.569580006999786
1186 2.609651354000107
1186 2.6629765810002937
1186 2.6034865540000283
1186 2.6130414348000612 0.0031849602666776575 0.12188709387692344
1187 2.615202782000324
1187 2.6321362839998983
1187 2.660706927999854
1187 2.5832673519998934
1187 2.629480256000079
1187 2.709435194999969
1187 2.705778513999576
1187 2.547923066000294
1187 2.6697502229999373
1187 2.6243251630003215
1187 2.6378005763000147 0.004491804433231088 0.17028597512597574
1188 1.3393184279998422
1188 1.4485056789999362
1188 1.4209516839996468
1188 1.3992905189998055
1188 1.3910897030000342
1188 1.4458786280001732
1188 1.392432959999951
1188 1.4106882890000634
1188 1.4771333730000151
1188 1.3821227759999601
1188 1.4107412038999427 0.009539475966660865 0.6762031150922175
1189 1.8062303629999406
1189 1.7949617869999202
1189 1.8143282450000697
1189 1.7985653400000956
1189 1.759452988999783
1189 1.753543560000253
1189 1.8650481569998192
1189 1.833068053000261
1189 1.8328854299998056
1189 1.7866601499999888
1189 1.8044744073999937 0.0059380858000016214 0.3290756452765439
1190 1.5118401390000145
1190 1.489012602999992
1190 1.5295162070001425
1190 1.462660598000184
1190 1.4985162279999713
1190 1.4622017780002352
1190 1.5321828000001005
1190 1.475420946000213
1190 1.5003152879999107
1190 1.5003696229996422
1190 1.4962036210000407 0.001388667333200496 0.09281272373023206
1191 2.606787951000115
1191 2.674531315999957
1191 2.600977830999909
1191 2.623858797000139
1191 2.653079033999802
1191 2.548660802000086
1191 2.5898580709999806
1191 2.6480875480001487
1191 2.6533579490001102
1191 2.6164557850001984
1191 2.6215655084000447 0.0017032411332820925 0.06497038230875983
1192 2.629023850000067
1192 2.664655200999732
1192 2.569775307999862
1192 2.607852293000178
1192 2.640181644000222
1192 2.600015816999985
1192 2.6151565980003397
1192 2.547914313000092
1192 2.606283247999727
1192 2.5671271269998215
1192 2.6047985399000027 0.012557137633393722 0.4820771142583559
1193 2.656315229000029
1193 2.6432228419998864
1193 2.626050268999734
1193 2.5778309320003245
1193 2.662055318000057
1193 2.686049828999785
1193 2.6753098020003563
1193 2.5488639509999302
1193 2.6172822660000747
1193 2.6207563230000233
1193 2.63137367610002 0.0035391176999988914 0.13449696377765116
1194 2.4683155640000223
1194 2.575559466999948
1194 2.5647409580001295
1194 2.6359725689999323
1194 2.6295394200001283
1194 2.5745627400001467
1194 2.6451960720000898
1194 2.5963527979997707
1194 2.5165400329997283
1194 2.572464541000045
1194 2.577924416199994 0.00181995839998302 0.07059781848320214
1195 2.6568126869997286
1195 2.6858391340001617
1195 2.6383943569999246
1195 2.6505126559995915
1195 2.6851967839997997
1195 2.4972849589998987
1195 2.6216706440000053
1195 2.6053873400001066
1195 2.613961250000102
1195 2.647960768000303
1195 2.630302057899962 0.005886236700113567 0.22378557939513416
1196 1.5898514290001913
1196 1.5323889679998501
1196 1.6196234589997403
1196 1.545894293999936
1196 1.5714865280001504
1196 1.5722523360000196
1196 1.5980519439999625
1196 1.5736976210000648
1196 1.6044745280000825
1196 1.5904210310000053
1196 1.5798142138000002 0.003535605733335038 0.22379883042264076
1197 1.5168421910002508
1197 1.5664394999998876
1197 1.5715381449999768
1197 1.5631420280001294
1197 1.571823097000106
1197 1.528936946000158
1197 1.5623569019999195
1197 1.5080684519998613
1197 1.541295823999917
1197 1.529558163999809
1197 1.5460001249000015 0.005480653633397485 0.35450538102330265
1198 2.6649060429999736
1198 2.5825791210004354
1198 2.544303815999683
1198 2.603932697000346
1198 2.6409386989998893
1198 2.580632453999897
1198 2.5181262850001076
1198 2.673687932000121
1198 2.616250220999973
1198 2.53725488200007
1198 2.5962612150000495 0.019668777666659754 0.7575808456029868
1199 2.1664589399997567
1199 2.2145837970001594
1199 2.2239011769997887
1199 2.2087688480000907
1199 2.1844465210001545
1199 2.1927584209997804
1199 2.1008557300001485
1199 2.2656921960001455
1199 2.14802944100029
1199 2.166401889000099
1199 2.187189696000041 0.0069292689999807715 0.3168115236027813
1200 1.3405010989999937
1200 1.3908651209999334
1200 1.4273277829997824
1200 1.4497221569999965
1200 1.3855778160000227
1200 1.41223107299993
1200 1.42281624799989
1200 1.3957799360000536
1200 1.4301628119997076
1200 1.484946605999994
1200 1.4139930650999304 0.023651180300021224 1.6726517890206016
[1000, 1024, 1080, 1125, 1152, 1200]
[1.0313903986999995, 1.2284505958000012, 1.4620418850999841, 1.4570127273000253, 1.340745964100097, 1.4139930650999304]
[1.0313903986999995, 1.1443496684999999, 1.8744215915999998, 1.5237015903000006, 2.4257411386000007, 1.7053265159999995, 2.2559923342000006, 1.6754349815999987, 1.2905264393000038, 2.8305312871000012, 2.0218420686000003, 2.4817027741000004, 1.3703221798000016, 2.454354585599998, 1.3670642205999968, 1.5543989282000041, 2.53224781990001, 1.9229475847999993, 2.1740327714999865, 2.225339217800001, 1.2825544902000103, 2.2592749244999992, 1.6175394472999982, 1.4443084650000118, 1.2284505958000012, 1.5219068769000046, 1.3744991383999945, 1.8005030424999973, 2.83499241290001, 1.5311397378000038, 2.0251377895999783, 2.8740625645999898, 1.6174602704999983, 2.7840868003999732, 1.8251162972999964, 1.6552699329999996, 1.5431541992000006, 1.9706447427000058, 2.7845446851999895, 2.5883029100000043, 1.2469485253000017, 2.3954497668000045, 2.3360438366000267, 2.3566885339999883, 1.3998761487000024, 1.4038700317999768, 2.3413165617999994, 2.3971810299999787, 2.360601097199992, 2.3781708810999818, 1.232379579999997, 2.4080329239999743, 2.352878873200029, 1.3634622973000206, 1.4908477647000153, 2.3672690297000374, 1.258724460400026, 2.2440258677999507, 1.4463161076999995, 2.5052873348000047, 1.500665380500004, 2.4802919609000127, 1.5669781012000612, 2.495260563299985, 1.3627488913999741, 1.6476895205999882, 1.5087430999000162, 1.8642640561999997, 1.6946442945999933, 2.522365184499995, 1.8721777771999997, 1.4005911843999683, 1.5628399612000294, 1.6295207041999902, 2.4747651940000197, 1.4970521678000295, 2.4560867242000084, 2.5051377653000144, 1.2971912326000392, 1.8890351209999836, 1.4620418850999841, 1.7257827647999648, 2.6513222033999684, 1.5139940009000157, 2.6798129762000373, 1.4958608034000007, 2.6246089081000266, 2.663860384499981, 1.3552228432999982, 1.3673821047000274, 2.574671195999963, 2.624086939200015, 1.364476562500022, 2.6086798010000165, 2.5403358628999966, 1.7319296038000176, 2.0763827482000123, 2.538541330300018, 1.6424551013999462, 2.563751686199976, 1.3307970711000052, 2.671636731099966, 1.5323637324000174, 2.750978721999991, 1.358418771200013, 1.2591753724999308, 1.5667140981000103, 1.4347239121000257, 2.3243318350000663, 2.4115899312999773, 1.4940049040000758, 1.9739225036001244, 2.413587552099989, 1.6541568401000404, 2.406420652099996, 2.4882553071000073, 1.4640952884999479, 2.4837961735999214, 1.6159723630999452, 2.494278535999956, 1.3095179032000488, 1.781754119900097, 1.4802775925999867, 2.5729092945000955, 2.570751328000051, 1.4570127273000253, 2.462484797800016, 1.4993290652000724, 1.6209656907999488, 2.482677103900005, 2.012988610000002, 1.5707062307000341, 2.451200646199959, 2.09867856629985, 1.3427563229000952, 2.507241699699989, 1.713076963399999, 2.468236235800032, 2.4743356534999292, 1.8402765178000664, 1.4646971285000745, 2.4942240811999907, 2.4829424049999944, 2.5226047072000712, 1.4480675348999739, 2.5021984756000166, 2.478111053400062, 1.7389466321999862, 1.571278699899949, 2.484731805699994, 1.4917759711999679, 2.544378495700039, 1.340745964100097, 2.833475014600026, 2.769363817799922, 1.4212794092999956, 1.5116298670000106, 1.997440716399933, 2.5489154476000295, 1.813643063500058, 1.5081216091999523, 1.644570777899935, 1.8584061535000274, 2.602281184100002, 1.9218929008999113, 2.671765895100043, 1.6985571598000206, 2.646343093599944, 1.7733530223000797, 2.5828196101999765, 1.4763824766999734, 2.666704529299932, 2.6099729805999687, 1.6035569169000154, 2.5875200168000903, 1.6813181798000643, 1.384530980799991, 2.1534815585000615, 1.6375776259998929, 2.285749270999986, 1.7058874240000024, 2.6437700753000626, 2.6127617052000005, 1.5913011822000498, 1.586907551599961, 1.911098963099994, 2.6130414348000612, 2.6378005763000147, 1.4107412038999427, 1.8044744073999937, 1.4962036210000407, 2.6215655084000447, 2.6047985399000027, 2.63137367610002, 2.577924416199994, 2.630302057899962, 1.5798142138000002, 1.5460001249000015, 2.5962612150000495, 2.187189696000041, 1.4139930650999304]
