1000 0.5745214000000001
1000 0.5723482999999998
1000 0.5733802000000008
1000 0.5772401999999985
1000 0.5728733000000013
1000 0.5730404999999976
1000 0.5746719999999996
1000 0.5758703999999994
1000 0.5733727000000002
1000 0.5748336000000016
1000 0.5742152599999999 0.00020611333333390527 0.035894785055678474
1001 0.6390401000000026
1001 0.642145799999998
1001 0.6369328000000003
1001 0.6420481000000002
1001 0.6371055000000005
1001 0.6407330999999985
1001 0.6381343000000008
1001 0.6434485000000016
1001 0.6351042000000007
1001 0.6409100999999993
1001 0.6395602500000003 0.0004499499999996622 0.07035302772485656
1002 1.125550099999998
1002 1.1215621999999996
1002 1.1204711999999972
1002 1.1213172
1002 1.1239462000000024
1002 1.1875593000000038
1002 1.1498108999999985
1002 1.1251693999999972
1002 1.1245379
1002 1.126287099999999
1002 1.1326211499999996 0.0021113500000002152 0.18641272944622445
1003 0.7992547999999999
1003 0.7936313000000013
1003 0.8040963000000048
1003 0.7946342999999985
1003 0.7938158000000044
1003 0.7900253999999975
1003 0.7943829000000022
1003 0.8010441999999998
1003 0.7964242000000041
1003 0.7988807999999992
1003 0.7966190000000012 0.0007539333333326607 0.0946416459226631
1004 1.1270978000000014
1004 1.1325053999999994
1004 1.1249862999999962
1004 1.127605299999999
1004 1.1204176000000032
1004 1.1243292999999994
1004 1.125
1004 1.1185480999999982
1004 1.1173661000000052
1004 1.120712900000001
1004 1.1238568800000004 0.0010479933333331637 0.09324971461963763
1005 0.7832577000000001
1005 0.7814440000000005
1005 0.7830483000000044
1005 0.787073399999997
1005 0.7782472999999968
1005 0.7864964999999984
1005 0.7837729000000024
1005 0.786856499999999
1005 0.7882624999999948
1005 0.7847251000000028
1005 0.7843184199999996 0.00013556000000107074 0.01728379654797229
1006 1.1260043000000053
1006 1.1260132000000027
1006 1.1249580000000066
1006 1.126370399999999
1006 1.1301732999999956
1006 1.1262101000000087
1006 1.1294158000000039
1006 1.124015700000001
1006 1.1275013999999999
1006 1.1270052999999933
1006 1.1267667500000016 7.951666666391095e-05 0.0070570654187222725
1007 0.7844946999999962
1007 0.7829724999999996
1007 0.796323600000008
1007 0.7824032999999986
1007 0.7832937000000015
1007 0.7826397000000043
1007 0.7799882999999994
1007 0.7830852999999962
1007 0.7807380999999936
1007 0.7838263000000012
1007 0.7839765499999999 5.0083333332895386e-05 0.006388371352803269
1008 0.572382300000001
1008 0.5728694999999959
1008 0.5739070999999996
1008 0.5722511000000026
1008 0.573508199999992
1008 0.5707773999999972
1008 0.5723655999999977
1008 0.5729836000000006
1008 0.5732213999999942
1008 0.5724280000000022
1008 0.5726694199999983 8.047333333205398e-05 0.014052318933330544
1009 1.2002600999999942
1009 1.1937872000000027
1009 1.1930520000000087
1009 1.1907420000000002
1009 1.1947401999999983
1009 1.1940627000000035
1009 1.1917710000000028
1009 1.1988070000000022
1009 1.1951632999999902
1009 1.1926806000000028
1009 1.1945066100000006 0.0006086699999992747 0.0509557665820932
1010 0.8942858000000058
1010 0.8978225000000037
1010 0.8950611000000066
1010 0.9014525999999989
1010 0.8942085999999989
1010 0.8920644000000095
1010 0.8915772999999945
1010 0.8959964999999954
1010 0.8956737000000032
1010 0.8963769999999869
1010 0.8954519500000003 0.0003083499999955164 0.034435125189633715
1011 1.197212399999998
1011 1.18780790000001
1011 1.193901199999999
1011 1.188110100000003
1011 1.1899381000000062
1011 1.187209199999998
1011 1.1827643000000023
1011 1.1894167000000095
1011 1.1873815000000008
1011 1.1892166999999887
1011 1.1892958100000015 2.6370000004272143e-05 0.0022172784754259
1012 0.6477333999999928
1012 0.6458703999999926
1012 0.646936199999999
1012 0.645685400000005
1012 0.643451199999987
1012 0.6451369999999912
1012 0.6473117999999971
1012 0.6458470999999975
1012 0.6439860999999922
1012 0.6450911000000019
1012 0.6457049699999956 0.00020462333333122937 0.03168991146703281
1013 1.1981776000000082
1013 1.1902283999999952
1013 1.1919215000000065
1013 1.190872899999988
1013 1.1979557999999884
1013 1.1848100999999929
1013 1.1921943000000113
1013 1.1912398999999994
1013 1.1930573999999865
1013 1.1923581999999726
1013 1.1922816099999949 2.5529999992575842e-05 0.002141272647204208
1014 0.6494759000000272
1014 0.6510942999999827
1014 0.6502435999999818
1014 0.652423299999981
1014 0.654126199999979
1014 0.6528033000000164
1014 0.6521385000000066
1014 0.6513396
1014 0.6525061000000107
1014 0.6763327000000174
1014 0.6542483500000003 0.007361450000005728 1.1251767008668383
1015 0.678963600000003
1015 0.6741700999999978
1015 0.6720948999999905
1015 0.67581610000002
1015 0.673996499999987
1015 0.6744884000000013
1015 0.6728355999999849
1015 0.6752092000000118
1015 0.699931399999997
1015 0.7044995999999912
1015 0.6802005399999984 0.008099686666664274 1.1907792173561482
1016 1.1439675999999963
1016 1.1635378999999944
1016 1.1724624000000006
1016 1.127708800000022
1016 1.1400486
1016 1.1285554000000104
1016 1.1323313000000041
1016 1.1321039999999982
1016 1.131727799999993
1016 1.1310201999999947
1016 1.1403464000000014 0.0031087333333355747 0.27261307032105075
1017 0.9524298000000044
1017 0.9475406999999905
1017 0.9528290000000084
1017 0.9590081999999995
1017 0.9617596999999876
1017 0.9518166000000008
1017 0.9588344000000006
1017 0.958621700000009
1017 0.9521652999999901
1017 0.9506078000000002
1017 0.9545613199999992 0.0013178399999996444 0.13805713393034252
1018 1.1297952999999836
1018 1.1290329999999926
1018 1.1308913999999959
1018 1.1323395999999946
1018 1.134683999999993
1018 1.1283354999999915
1018 1.139666300000016
1018 1.1337588000000096
1018 1.1402858000000151
1018 1.137600500000019
1018 1.133639020000001 0.001320493333339353 0.11648269952275916
1019 1.1515535000000057
1019 1.1478137000000004
1019 1.1561949999999968
1019 1.145058199999994
1019 1.1414177000000052
1019 1.1402838999999858
1019 1.1443051000000253
1019 1.1416624000000013
1019 1.1467619999999954
1019 1.1416220000000123
1019 1.1456673500000023 0.001348449999996652 0.11769995889266192
1020 0.629206900000014
1020 0.6291170000000079
1020 0.6276881999999944
1020 0.6262574000000143
1020 0.6247006000000113
1020 0.6271515999999906
1020 0.6270102999999949
1020 0.6247614999999769
1020 0.6268268000000035
1020 0.6261141999999893
1020 0.6268834499999997 0.0002564166666701266 0.040903403442877094
1021 1.1445300000000032
1021 1.1510193999999956
1021 1.1463735999999756
1021 1.1466794000000107
1021 1.1489098000000126
1021 1.1451495000000023
1021 1.1490500999999824
1021 1.1477610000000027
1021 1.1515695999999878
1021 1.1493600999999956
1021 1.1480402499999969 0.0004399499999995597 0.0383218271310227
1022 0.8120155000000011
1022 0.8073534000000109
1022 0.8133780999999942
1022 0.8093503000000055
1022 0.8176107999999829
1022 0.8121950000000027
1022 0.8109044999999924
1022 0.8099167999999963
1022 0.8083099000000118
1022 0.8106541999999877
1022 0.8111688499999985 0.00017155000000361 0.021148494546309356
1023 0.7019323999999756
1023 0.7021875999999736
1023 0.702875999999975
1023 0.6949459999999874
1023 0.6930141999999933
1023 0.6918890000000033
1023 0.6963997000000006
1023 0.6930022999999892
1023 0.6954629999999895
1023 0.6917588999999964
1023 0.6963469099999884 0.001529336666663994 0.21962281223650718
1024 0.5737464000000045
1024 0.5727122999999779
1024 0.5730312999999967
1024 0.5731174999999951
1024 0.5730319999999836
1024 0.5734303000000125
1024 0.5719716000000119
1024 0.5716617999999869
1024 0.5724236000000076
1024 0.5726464999999905
1024 0.5727773299999968 4.361000000208115e-05 0.0076137789884389104
1025 0.7166301000000033
1025 0.7152327999999954
1025 0.7169747000000086
1025 0.7181460000000186
1025 0.7176980000000128
1025 0.7198150000000112
1025 0.7159766000000047
1025 0.715403699999996
1025 0.7164841999999965
1025 0.7179476999999963
1025 0.7170308800000044 0.00030560666666397857 0.04262113044057136
1026 0.6475307000000043
1026 0.650089400000013
1026 0.6496134999999867
1026 0.6483052999999757
1026 0.6485211000000106
1026 0.6488923
1026 0.648395800000003
1026 0.6501666000000057
1026 0.6530152999999927
1026 0.6513142999999957
1026 0.6495844299999988 0.0005766233333323045 0.08876803486997151
1027 0.8701391000000172
1027 0.8669209999999907
1027 0.8707951000000094
1027 0.8673067000000003
1027 0.8655725999999788
1027 0.8668824000000086
1027 0.868147700000037
1027 0.8691916000000219
1027 0.8636644999999703
1027 0.872331000000031
1027 0.8680951700000066 0.0014119433333414921 0.16264844940232548
1028 1.2794293000000039
1028 1.2692384999999717
1028 1.2718032999999878
1028 1.268484400000034
1028 1.270936899999981
1028 1.270075199999951
1028 1.273944599999993
1028 1.2737903000000301
1028 1.2720716000000039
1028 1.2697564000000057
1028 1.2719530499999963 0.0007322166666635284 0.057566328148946265
1029 0.6161973999999759
1029 0.6146928000000003
1029 0.6163626999999678
1029 0.6151956999999584
1029 0.6158115999999723
1029 0.6190538999999831
1029 0.6788703999999939
1029 0.7186810999999693
1029 0.6593684999999709
1029 0.6962272000000098
1029 0.6450461299999801 0.017060356666676567 2.6448273810552267
1030 1.0118731000000025
1030 0.9639121999999816
1030 0.9566569000000413
1030 0.9264034000000265
1030 0.924575300000015
1030 0.9220827999999983
1030 0.9283431999999721
1030 0.9269027999999935
1030 0.9255069999999819
1030 0.9248032000000421
1030 0.9411059900000055 0.005434263333321125 0.5774337206504331
1031 1.310282099999995
1031 1.3126219000000106
1031 1.3130455000000438
1031 1.3127982999999972
1031 1.316116099999988
1031 1.313385100000005
1031 1.3072589999999877
1031 1.305166799999995
1031 1.3040431000000012
1031 1.3099794999999972
1031 1.310469740000002 0.0001634133333349534 0.012469828821453987
1032 0.7106234000000313
1032 0.7137098000000037
1032 0.7111441999999784
1032 0.7135071000000153
1032 0.7077001999999766
1032 0.710292700000025
1032 0.707437700000014
1032 0.7126645999999823
1032 0.7105571999999825
1032 0.7126529999999889
1032 0.7110289899999997 0.0005413366666630429 0.07613426094807232
1033 1.3108991999999944
1033 1.3179562999999916
1033 1.3096075999999925
1033 1.3187755999999808
1033 1.3240498000000116
1033 1.3099349999999959
1033 1.3109181999999464
1033 1.3095695000000092
1033 1.3060161999999877
1033 1.305702599999961
1033 1.3123429999999872 0.0022134666666753975 0.1686652549429089
1034 0.7472611000000029
1034 0.7520011000000295
1034 0.7479751999999849
1034 0.7454053000000158
1034 0.7496684999999843
1034 0.7472659000000021
1034 0.7482633000000192
1034 0.7465505000000121
1034 0.7479191000000469
1034 0.7476239000000078
1034 0.7479933900000105 0.0001231633333342493 0.016465831781514485
1035 0.6753959999999779
1035 0.6712723999999639
1035 0.6738932000000091
1035 0.6703845999999771
1035 0.6719266999999718
1035 0.6743344999999863
1035 0.6736394999999789
1035 0.6731434000000149
1035 0.6709003999999936
1035 0.6788048000000231
1035 0.6733695499999897 0.00181175000001114 0.26905731035969294
1036 0.6959045000000401
1036 0.6941273999999567
1036 0.6917607999999973
1036 0.697096600000009
1036 0.7028113999999732
1036 0.6983918999999901
1036 0.6998136999999929
1036 0.6977028000000018
1036 0.6973937000000205
1036 0.6969810000000507
1036 0.6971983800000032 7.245999998417574e-05 0.010393024720478468
1037 0.8222663999999895
1037 0.8255919000000063
1037 0.8237700000000245
1037 0.8282798999999841
1037 0.8268689000000222
1037 0.8259094000000005
1037 0.8280907000000184
1037 0.825487599999974
1037 0.822039000000018
1037 0.8214406000000167
1037 0.8249744400000054 0.0011779466666628953 0.142785837905825
1038 1.297506300000009
1038 1.294851299999948
1038 1.2913302000000044
1038 1.2965637000000356
1038 1.2928523999999584
1038 1.2936134999999922
1038 1.2946132999999804
1038 1.2978327999999806
1038 1.3049947999999745
1038 1.2997192000000268
1038 1.296387749999991 0.0011104833333452913 0.08565981384391352
1039 1.3138948000000141
1039 1.3117045999999846
1039 1.308783300000016
1039 1.3105588999999895
1039 1.3168762000000243
1039 1.3085652000000323
1039 1.314883199999997
1039 1.3081056999999987
1039 1.31226079999999
1039 1.314327100000014
1039 1.311995980000006 0.0007770400000026711 0.05922579122556973
1040 0.6292457999999783
1040 0.6292258000000288
1040 0.6494628000000375
1040 0.6367670999999859
1040 0.6370078999999578
1040 0.6253474000000097
1040 0.6267945000000168
1040 0.62803550000001
1040 0.6274042000000009
1040 0.6267456000000493
1040 0.6316036600000074 0.0016193533333193806 0.25638757909024174
1041 1.2224218000000064
1041 1.2188094999999635
1041 1.2221928000000162
1041 1.2237033999999767
1041 1.2178003000000217
1041 1.2247685000000388
1041 1.2198693999999932
1041 1.2165029999999888
1041 1.2217509999999834
1041 1.2218143000000055
1041 1.2209633999999994 0.00028363333333536467 0.023230289567677854
1042 1.2069541000000186
1042 1.2066919000000098
1042 1.2066877000000318
1042 1.2141661999999656
1042 1.2082993999999871
1042 1.212926600000003
1042 1.2066644000000224
1042 1.2076116999999726
1042 1.2105339999999956
1042 1.2064245999999912
1042 1.2086960599999999 0.0007571533333362208 0.06264216111833945
1043 1.2215644999999995
1043 1.2261539000000425
1043 1.2218387000000348
1043 1.2227578000000108
1043 1.2199980000000323
1043 1.22274120000003
1043 1.2211894000000143
1043 1.217642699999999
1043 1.2209690999999907
1043 1.2260707000000366
1043 1.222092600000019 0.0013260333333392125 0.10850514382782384
1044 0.6757519999999886
1044 0.6747776999999928
1044 0.669992700000023
1044 0.6732145000000287
1044 0.674330800000007
1044 0.6734410999999909
1044 0.6743597999999906
1044 0.6718004999999607
1044 0.6721057000000314
1044 0.6708192999999483
1044 0.6730594099999962 0.0007467033333493264 0.11094166759355321
1045 0.6778833999999847
1045 0.6784158000000389
1045 0.6790489999999636
1045 0.6759007999999653
1045 0.6813773999999739
1045 0.6829468999999904
1045 0.6797753000000171
1045 0.6765309000000457
1045 0.676840699999957
1045 0.6776249999999777
1045 0.6786345199999915 0.0003365066666712509 0.049585845805670936
1046 1.2090703000000076
1046 1.2094967000000452
1046 1.213411600000029
1046 1.2114486000000397
1046 1.2104686999999785
1046 1.211361600000032
1046 1.207534800000019
1046 1.2183383999999933
1046 1.2057692999999858
1046 1.2079689999999914
1046 1.2104869000000122 0.0008393000000069447 0.06933573589329518
1047 1.2235818999999992
1047 1.224346999999966
1047 1.2229156000000216
1047 1.222064199999977
1047 1.2248224999999593
1047 1.222427400000015
1047 1.266949899999986
1047 1.235393799999997
1047 1.236497799999995
1047 1.2222428000000036
1047 1.230124289999992 0.002627163333329463 0.21356893402450253
1048 1.2109172000000399
1048 1.213550199999986
1048 1.2104499000000146
1048 1.2116034000000013
1048 1.2084815000000049
1048 1.20682910000005
1048 1.2131623999999874
1048 1.21337120000004
1048 1.2079062999999906
1048 1.208437599999968
1048 1.2104708800000084 0.0006777600000134794 0.05599143368186393
1049 1.2241412999999852
1049 1.2214695999999776
1049 1.222877799999992
1049 1.2680493999999953
1049 1.26820859999998
1049 1.2715626000000384
1049 1.2786160999999652
1049 1.2720654999999965
1049 1.2666892000000303
1049 1.2505166999999915
1049 1.2544196799999952 0.0013009933333345547 0.10371276488061473
1050 0.6322744000000284
1050 0.6316261000000054
1050 0.6282332999999767
1050 0.6344716000000403
1050 0.641633000000013
1050 0.6268645999999762
1050 0.6175929999999994
1050 0.6154493999999886
1050 0.6172849000000156
1050 0.6735633000000121
1050 0.6318993600000056 0.013887980000002168 2.197815171074401
1051 1.8204776999999694
1051 1.9566070999999852
1051 1.9192443999999682
1051 1.6138729999999555
1051 1.3050296000000117
1051 1.2984031999999956
1051 1.3321227000000135
1051 1.3067146999999864
1051 1.2739654000000087
1051 1.24932960000001
1051 1.5075767399999904 0.08608237999999346 5.7099832941170225
1052 1.2518443999999818
1052 1.2820687999999905
1052 1.2526472999999783
1052 1.2613939999999957
1052 1.2399970000000167
1052 1.2338814999999954
1052 1.2383927000000199
1052 1.2644441999999572
1052 1.2454682999999704
1052 1.250366799999938
1052 1.2520504999999844 0.0005612333333488243 0.044825135515606705
1053 0.6662170999999262
1053 0.6815376000000697
1053 0.6708786000000373
1053 0.6658180000000584
1053 0.6886994999999843
1053 0.7118464000000131
1053 0.6716145000000324
1053 0.6717777000000069
1053 0.6671280999998999
1053 0.6656330000000708
1053 0.6761150500000099 0.0034940166666463934 0.5167784190939607
1054 0.7560767999999598
1054 0.7449474999999666
1054 0.7447245000000748
1054 0.7439883999999211
1054 0.7434244999999464
1054 0.7442167000000381
1054 0.7541427999999541
1054 0.7505899999999883
1054 0.7480063000000428
1054 0.7449751000000333
1054 0.7475092599999925 0.0008447199999864022 0.11300462016837232
1055 1.2472957999999608
1055 1.2642194000000018
1055 1.2687700000000177
1055 1.246388300000035
1055 1.2454049000000396
1055 1.2812858000000915
1055 1.2643600999999762
1055 1.2479333999999653
1055 1.252582699999948
1055 1.255368599999997
1055 1.2573609000000032 0.0006641000000020547 0.052816975619494215
1056 0.6252385999999888
1056 0.6175827999999228
1056 0.6190783000000692
1056 0.6296588999999813
1056 0.642895499999895
1056 0.6395738999999594
1056 0.6258956000000353
1056 0.6232277999999951
1056 0.6283244999999624
1056 0.6226361999999881
1056 0.6274112099999798 0.0015916699999972324 0.2536884860564228
1057 1.202323299999989
1057 1.1890247000000045
1057 1.1780600000000732
1057 1.205955700000004
1057 1.1892334000000346
1057 1.1745182000000796
1057 1.1744116999999505
1057 1.1939082999999755
1057 1.185829500000068
1057 1.1983971999999312
1057 1.189166200000011 0.0030769999999734248 0.2587527294312096
1058 0.7444277000000739
1058 0.749598800000058
1058 0.7497922000000017
1058 0.7719144999999799
1058 0.7422744000000421
1058 0.7372330000000602
1058 0.7430745999999999
1058 0.7491798999999446
1058 0.749916300000109
1058 0.7458979000000454
1058 0.7483309300000315 0.0008110099999953564 0.10837584917081032
1059 1.3443984000000455
1059 1.326781199999914
1059 1.3573464999999487
1059 1.3578668000000107
1059 1.3415350999999873
1059 1.3226314999999431
1059 1.328243900000075
1059 1.315409999999929
1059 1.3253406999999697
1059 1.3180758999999398
1059 1.3337629999999763 0.005229033333345494 0.3920511615141211
1060 0.7620676999999887
1060 0.7591063999999506
1060 0.7555346999999983
1060 0.7622460999999703
1060 0.7593227000000979
1060 0.75800629999992
1060 0.7590571999999156
1060 0.755117299999938
1060 0.758819600000038
1060 0.7572215999999798
1060 0.7586499599999798 0.00047611999999996874 0.06275885126257456
1061 1.317120300000056
1061 1.3362628999999515
1061 1.3273137999999562
1061 1.3262058000000252
1061 1.3257443999999623
1061 1.3262584999999945
1061 1.3507478999999876
1061 1.3237732999999707
1061 1.3228841999999759
1061 1.3220068000000538
1061 1.3278317899999934 0.0019416633333132112 0.14622811021215426
1062 0.8073998999999503
1062 0.7985788999999386
1062 0.8010298000000375
1062 0.7957030000000032
1062 0.7994821999999431
1062 0.7925714000000426
1062 0.8019904999999881
1062 0.7958251000000018
1062 0.7952253999999357
1062 0.7984438000000864
1062 0.7986249999999927 6.0399999968763225e-05 0.00756299890045563
1063 1.3220483000000058
1063 1.3326118999999608
1063 1.3271233000000393
1063 1.3331386000000975
1063 1.324898200000007
1063 1.3211848000000828
1063 1.3197977999999466
1063 1.3275302000000693
1063 1.3761207000000013
1063 1.4790327999999135
1063 1.3463486600000123 0.04422804666663375 3.285036631345802
1064 0.6722604000000274
1064 0.6723561000000018
1064 0.6739310000000387
1064 0.6643990000000031
1064 0.6927526000000626
1064 0.6697331000000304
1064 0.6703628999999864
1064 0.6668588
1064 0.6649227999999994
1064 0.665903700000058
1064 0.6713480400000208 0.0018147799999875813 0.27031880512938194
1065 0.8492771999999604
1065 0.8549626000000217
1065 0.8526805999999851
1065 0.876279400000044
1065 0.846896999999899
1065 0.8442839999999023
1065 0.843240499999979
1065 0.8501834999999573
1065 0.8490615000000616
1065 0.8523394999999709
1065 0.8519205799999782 0.00013963999999759094 0.016391199282636715
1066 0.7721546999999873
1066 0.7704115999999885
1066 0.7888315000000148
1066 0.7779600000000073
1066 0.7712867000000188
1066 0.7809740999999804
1066 0.768991700000015
1066 0.77271989999997
1066 0.7675689999999804
1066 0.7716245999999956
1066 0.7742523799999959 0.0008759266666667671 0.11313193078809416
1067 0.9610647000000654
1067 0.9631653999999799
1067 0.9679532000000108
1067 0.9560298000000103
1067 0.9704260000000886
1067 0.966833500000007
1067 0.9594349000000193
1067 0.9613412999999582
1067 0.9594469999999546
1067 0.9584722999999258
1067 0.962416810000002 0.0013148366666920763 0.13661821500105278
1068 0.8878442999999834
1068 0.8897340999999415
1068 0.8861070999998901
1068 0.8846866999999747
1068 0.888212899999985
1068 0.8854850999999826
1068 0.8838183999999956
1068 0.8771024000000125
1068 0.8871803000000682
1068 0.8863189999999577
1068 0.8856490299999791 0.00022332333332619747 0.02521578252349046
1069 1.333297000000016
1069 1.3261168000000225
1069 1.3300162000000455
1069 1.3299579999999196
1069 1.3407661999999618
1069 1.3275724000000082
1069 1.3301493000000164
1069 1.3253133000000616
1069 1.327323299999989
1069 1.3373234999999113
1069 1.3307835999999953 0.0021799666666386663 0.1638107553052708
1070 0.9781772000000046
1070 0.9742863999999827
1070 0.9733517000000802
1070 0.9811787999999524
1070 0.973773499999993
1070 0.9707971999999927
1070 0.9778021999999282
1070 0.9712097000000313
1070 0.9762352000000192
1070 0.987485300000003
1070 0.9764297199999987 0.003685193333334761 0.37741511322850413
1071 0.6857813999999962
1071 0.6922816000000012
1071 0.6899258999999347
1071 0.6877206999999999
1071 0.6908238000000892
1071 0.6877388000000337
1071 0.6882494000000179
1071 0.6899600000000419
1071 0.6844453999999587
1071 0.7042650999999296
1071 0.6901192100000003 0.0047152966666430905 0.683258283252699
1072 0.8111599000000069
1072 0.8154581000000007
1072 0.8251551999999265
1072 0.815170299999977
1072 0.8468563000000131
1072 0.8148453999999674
1072 0.8125314000000117
1072 0.8489442000000054
1072 0.8160517000000027
1072 0.8518910000000233
1072 0.8258063499999935 0.008694883333343265 1.0528961582026262
1073 0.835326499999951
1073 0.8226382999999942
1073 0.8125391999999465
1073 0.8546499999999924
1073 0.8316459000000123
1073 0.8329297000000224
1073 0.8614908000000696
1073 0.8531464000000142
1073 0.8201911999999538
1073 0.8106219999999666
1073 0.8335179999999923 0.007632000000008558 0.9156370948208231
1074 1.3790453000000298
1074 1.3558285999999953
1074 1.3434744000001047
1074 1.3248199000000795
1074 1.3221869000000197
1074 1.3309934000000112
1074 1.3086636000000453
1074 1.3225314000000026
1074 1.335284999999999
1074 1.3281471999999894
1074 1.3350975700000276 0.002316790000012725 0.17352963948639927
1075 0.7692151999999624
1075 0.7578075999999783
1075 0.7853185000000167
1075 0.763922999999977
1075 0.7559228999999732
1075 0.7656490000000531
1075 0.7605412999999999
1075 0.7621037000000115
1075 0.76767760000007
1075 0.7570855000000165
1075 0.7645244300000058 0.0024796433333297654 0.32433801145239355
1076 1.317853199999945
1076 1.3194845000000441
1076 1.3235156000000643
1076 1.3188067999999475
1076 1.3152759999999262
1076 1.3118670999999722
1076 1.322677399999975
1076 1.3171167999998943
1076 1.3166427000001022
1076 1.3211043999999674
1076 1.3184344499999838 0.0008899833333278669 0.06750303993709189
1077 1.3334524999999076
1077 1.3385806999999659
1077 1.3394729999999981
1077 1.3300388000000112
1077 1.3267034000000422
1077 1.3276229999999032
1077 1.3271790999999666
1077 1.3264138999999204
1077 1.3308484000000362
1077 1.331606899999997
1077 1.3311919699999748 0.00013831000000741334 0.010389936472304288
1078 0.6409499000000096
1078 0.6451584999999795
1078 0.6393365000000131
1078 0.6432594999999992
1078 0.6410042999999632
1078 0.6399030999999695
1078 0.6427525999999943
1078 0.6402087000000165
1078 0.6586898000000474
1078 0.6418919999999844
1078 0.6433154899999977 0.00047449666667109813 0.07375800428357475
1079 0.931346000000076
1079 0.924214099999972
1079 0.9205040000000508
1079 0.9180599999999686
1079 0.9186717000000044
1079 0.9478164999999308
1079 0.9238844999999856
1079 0.9218375000000378
1079 0.9309978000000001
1079 0.9208648000000039
1079 0.925819690000003 0.001651629999999682 0.17839650828766418
1080 0.6122483000000329
1080 0.6121563000000378
1080 0.6094798999999966
1080 0.6164186000000882
1080 0.613743799999952
1080 0.6154741000000286
1080 0.6112906999999268
1080 0.6100355000000945
1080 0.6121911000000182
1080 0.6094624999999496
1080 0.6122500800000126 0.0009291933333543204 0.1517669598923207
1081 0.8304281000000628
1081 0.832671800000071
1081 0.8310803000000533
1081 0.8265879000000496
1081 0.8259474000000182
1081 0.8306420999999773
1081 0.8286868999999797
1081 0.8270512999999937
1081 0.8297026999999844
1081 0.8293754000000035
1081 0.8292173900000194 5.266999999472185e-05 0.006351772240898206
1082 1.3969902000000047
1082 1.3931479999999965
1082 1.3921697000000677
1082 1.3956564999999728
1082 1.3914506999999503
1082 1.3906925
1082 1.3931749000000764
1082 1.3942698000000746
1082 1.3977929999999787
1082 1.3972702999999456
1082 1.3942615600000068 0.001002913333312927 0.07193150568627325
1083 0.7345031999999492
1083 0.7342554000000518
1083 0.7339355999999952
1083 0.7337832000000617
1083 0.7348086999999168
1083 0.7357369000000062
1083 0.7340709000000061
1083 0.7337903000000097
1083 0.7318513000000166
1083 0.7335604999999532
1083 0.7340295999999966 0.0001563666666811366 0.02130250151780491
1084 1.4000611000000163
1084 1.396377799999982
1084 1.3957871000000068
1084 1.3915742000000364
1084 1.399325900000008
1084 1.3943722000000207
1084 1.3969674999999597
1084 1.3973418999999012
1084 1.3926652000000104
1084 1.395744000000036
1084 1.3960216899999978 9.25633333205648e-05 0.006630508249521893
1085 0.7310512999999901
1085 0.727989999999977
1085 0.7298522999999477
1085 0.7279485999999906
1085 0.7293703000000278
1085 0.728648499999963
1085 0.7277213999999503
1085 0.7280880000000707
1085 0.7291611000000557
1085 0.7276205000000573
1085 0.728745200000003 0.0003748999999818962 0.0514445927028946
1086 1.3973521000000346
1086 1.3951569999999265
1086 1.3937535000000025
1086 1.4049188000000186
1086 1.3975425999999516
1086 1.394102099999941
1086 1.395908200000008
1086 1.3974956999999222
1086 1.3937853000001041
1086 1.3939543000000185
1086 1.3963969599999928 0.0008142199999914279 0.0583086345297853
1087 1.4042575999999372
1087 1.4124447000000373
1087 1.4212808999999424
1087 1.4130817000000206
1087 1.4107202000000143
1087 1.4061957999999777
1087 1.406882200000041
1087 1.4054453999999623
1087 1.4067938000000595
1087 1.4094709999999395
1087 1.4096573299999933 6.211000001791571e-05 0.004406035331857283
1088 0.6587536000000682
1088 0.6559652000000824
1088 0.6577864999999292
1088 0.6597053000000415
1088 0.6569577000000208
1088 0.6566341000000193
1088 0.6600455999999895
1088 0.6578101999999717
1088 0.6583101999999599
1088 0.6570444999999836
1088 0.6579012900000066 0.0002855966666743444 0.0434102609335728
1089 0.6654151000000184
1089 0.6651888999999755
1089 0.6598683000000847
1089 0.6624206000000186
1089 0.6592302000000245
1089 0.6590832000000546
1089 0.6620798999999806
1089 0.6591528000000153
1089 0.6609313000000157
1089 0.6609075999999732
1089 0.6614277900000161 0.00017339666668096204 0.02621550973553104
1090 1.3001224000000775
1090 1.2994668999999703
1090 1.3007648999999901
1090 1.3015592000000424
1090 1.302545299999906
1090 1.3003578999999945
1090 1.301739199999929
1090 1.305234100000007
1090 1.3048736999999164
1090 1.300538999999958
1090 1.301720259999979 0.000393753333340389 0.030248690555096325
1091 1.3129546000000119
1091 1.3087948000001006
1091 1.3077906000000894
1091 1.309611000000018
1091 1.3101815999999644
1091 1.3109959999999319
1091 1.3096312000000125
1091 1.3113905999999815
1091 1.3270649000000958
1091 1.326306299999942
1091 1.3134721600000148 0.004278046666642406 0.32570516505217423
1092 0.6646336999999676
1092 0.6628862000000026
1092 0.6606320999999298
1092 0.6607258999999885
1092 0.6635746000000609
1092 0.6600252000000637
1092 0.6622826999999916
1092 0.6640183999999181
1092 0.6597832999999582
1092 0.6632692000000588
1092 0.662183129999994 0.00036202333335496234 0.054671180365915645
1093 1.3042413999999098
1093 1.3085975999999846
1093 1.3064421000000266
1093 1.3080776999998989
1093 1.3106076000000257
1093 1.309003799999914
1093 1.3187125999999125
1093 1.3088427000000138
1093 1.310855399999923
1093 1.3099341000000777
1093 1.3095314999999688 0.00013420000003631452 0.010247939819417688
1094 1.2935807999999724
1094 1.3108114999999998
1094 1.2991718000000674
1094 1.2996712000000343
1094 1.2960519000000659
1094 1.3015358999999762
1094 1.317909200000031
1094 1.3047758000000158
1094 1.2978342000000112
1094 1.3371026999999458
1094 1.305844500000012 0.010419399999977912 0.7979051104459847
1095 0.8732876999999917
1095 0.8721924000000172
1095 0.8694795999999769
1095 0.8717208999999002
1095 0.8687674000000243
1095 0.8671153000000231
1095 0.8716893999999229
1095 0.8703893000000562
1095 0.8715210000000297
1095 0.8664285999999493
1095 0.8702591599999892 0.0012768533333466317 0.14672104495247687
1096 1.0833771999999726
1096 1.0862855999999965
1096 1.0816372000000456
1096 1.0858131999999614
1096 1.0846816999999191
1096 1.0867520000000468
1096 1.086112299999968
1096 1.0858288000000584
1096 1.0872289999999794
1096 1.086501500000054
1096 1.0854218500000001 0.0003598833333512778 0.03315607967089273
1097 1.4014616000000615
1097 1.3477005999999392
1097 1.3526693000000023
1097 1.3499175000000605
1097 1.3512807000000748
1097 1.350323200000048
1097 1.3641207000000577
1097 1.3794007999999849
1097 1.3621497000000318
1097 1.345697599999994
1097 1.3604721700000255 0.004924856666677154 0.3619961345241675
1098 0.8482591000000639
1098 0.8571064000000206
1098 0.878707200000008
1098 0.8362376999999697
1098 0.8571302999999943
1098 0.851267400000097
1098 0.8365317000000232
1098 0.8378778000000011
1098 0.8513368999999784
1098 0.8571946999999227
1098 0.8511649200000079 0.0020099266666382767 0.2361383345824753
1099 1.3315183000000843
1099 1.3230245999999397
1099 1.3190063000000691
1099 1.3217051999999967
1099 1.3215064000000893
1099 1.319582700000069
1099 1.3192215999999917
1099 1.322671899999932
1099 1.3197344999999814
1099 1.3235938999999917
1099 1.3221565400000146 0.00047911999999235755 0.03623776651986702
1100 0.6368317999999817
1100 0.6332830000000058
1100 0.6324978000000101
1100 0.63367269999992
1100 0.6300282000000834
1100 0.6342839999999796
1100 0.6326513999999861
1100 0.6324237000000039
1100 0.631779500000107
1100 0.631222199999911
1100 0.6328674299999989 0.0005484100000292905 0.08665479909896634
1101 1.3485143999999991
1101 1.3471567000000277
1101 1.3466925000000174
1101 1.3470747000000074
1101 1.3449565000000803
1101 1.347648900000081
1101 1.3461058999999977
1101 1.353198099999986
1101 1.347564000000034
1101 1.346961100000044
1101 1.3475872800000275 0.00020872666666112613 0.01548891635880697
1102 0.7640347999999904
1102 0.7617619000000104
1102 0.7632706000000553
1102 0.7644979000000376
1102 0.7644759000000931
1102 0.763266999999928
1102 0.7606616000000486
1102 0.7655283999999938
1102 0.7632356999999956
1102 0.7654053000001113
1102 0.7636139100000264 0.0005971300000282934 0.07819789453917526
1103 1.3489153000000442
1103 1.3542719999998099
1103 1.3558488999999554
1103 1.3484111000000212
1103 1.3465598000000227
1103 1.3463065000000825
1103 1.3457052999999632
1103 1.3454198000001725
1103 1.3646158999999898
1103 1.3513945000001968
1103 1.3507449100000257 0.000216530000057021 0.016030413918570078
1104 0.6891036000001804
1104 0.696634000000131
1104 0.6889599999999518
1104 0.6880039000000124
1104 0.6874754999998913
1104 0.688706300000149
1104 0.6860867000000326
1104 0.6865641000001688
1104 0.6891621000002033
1104 0.6874063999998725
1104 0.6888102600000593 0.0004679533333955913 0.06793646386677675
1105 0.7252856000000065
1105 0.729554200000166
1105 0.7274711000000025
1105 0.7270032999999785
1105 0.7273099000001366
1105 0.7291983000000073
1105 0.7274393000000146
1105 0.7478505000001405
1105 0.7357868999999937
1105 0.7282142999999905
1105 0.7305113400000437 0.0007656800000177174 0.10481425244099175
1106 0.8993388999999752
1106 0.893518800000038
1106 0.8956877000000532
1106 0.895604800000001
1106 0.8946315999999115
1106 0.9022020999998404
1106 0.8954957999999351
1106 0.898133800000096
1106 0.8923726999998962
1106 0.8942905999999766
1106 0.8961276799999723 0.0006123599999985722 0.06833401240307532
1107 0.7718406999999843
1107 0.7735990999999558
1107 0.7745428999999149
1107 0.7740607000000637
1107 0.7705028000000311
1107 0.7689726000000974
1107 0.769702499999994
1107 0.7745208000001185
1107 0.7722853000000214
1107 0.7728812999998809
1107 0.7722908700000062 0.00019680999995822882 0.02548392161598741
1108 1.2423261999999795
1108 1.2450900999999703
1108 1.2458171999999195
1108 1.239029500000015
1108 1.2384911999999986
1108 1.2394824000000426
1108 1.2440612000000328
1108 1.2415063999999347
1108 1.250148900000113
1108 1.2459594000001744
1108 1.243191250000018 0.0009227166667187999 0.07422161849343667
1109 1.2589362000001074
1109 1.2638005000001158
1109 1.25788620000003
1109 1.2563288999999713
1109 1.2661708000000544
1109 1.258811200000082
1109 1.2598131000002013
1109 1.2603750000000673
1109 1.259388700000045
1109 1.25742850000006
1109 1.2598939100000734 0.0008218033333378116 0.06522797886512235
1110 0.7642663999999968
1110 0.7542552999998406
1110 0.7545239999999467
1110 0.7525196000001415
1110 0.7519812000000456
1110 0.7545429000001604
1110 0.7498381999998855
1110 0.7537136999999348
1110 0.7501220999999987
1110 0.752256700000089
1110 0.753802010000004 0.000515103333304993 0.06833403552545453
1111 1.0013931999999386
1111 1.0009890999999698
1111 1.0096941000001607
1111 1.0012499000001753
1111 0.9993424000001596
1111 1.0000170999999227
1111 1.0026040999998713
1111 1.0006893999998283
1111 1.0013343999999051
1111 1.0014305000001968
1111 1.001874420000013 0.00014797333327202603 0.01476964880209479
1112 1.2426730000001953
1112 1.242052600000079
1112 1.2465215999998236
1112 1.246335799999997
1112 1.2538207999998576
1112 1.241961000000174
1112 1.2441923999999744
1112 1.2432112999999845
1112 1.2439641999999367
1112 1.2447224000000006
1112 1.2449455100000022 7.437000000054539e-05 0.005973755429709149
1113 0.8236595999999281
1113 0.8143406000001505
1113 0.8173641000000771
1113 0.8186267999999473
1113 0.8209046999998009
1113 0.8199835000000348
1113 0.8187038999999459
1113 0.8151098999999249
1113 0.8184297999998762
1113 0.8175911999999244
1113 0.818471409999961 0.00029340333334556173 0.03584771926799199
1114 1.244768600000043
1114 1.2441278999999668
1114 1.2437721000001147
1114 1.2491557999999259
1114 1.2444927000001371
1114 1.2489221999999245
1114 1.2492764999999508
1114 1.2471732999999858
1114 1.2458448000002136
1114 1.244057200000043
1114 1.2461591100000304 0.0007006366666624981 0.05622369254777434
1115 1.256286399999908
1115 1.2550304000001233
1115 1.2617861999999604
1115 1.2570283999998537
1115 1.2558955999998034
1115 1.2557824999998957
1115 1.2612280999999257
1115 1.2568509000000176
1115 1.255007599999999
1115 1.2570470000000569
1115 1.2571943099999543 4.910333329914233e-05 0.00390578710932474
1116 0.7223954000000958
1116 0.7217983999998978
1116 0.7225822999998854
1116 0.7192442999999002
1116 0.722586500000034
1116 0.7207244999999602
1116 0.7203612999999223
1116 0.7222323999999389
1116 0.7197400999998536
1116 0.723825700000134
1116 0.7215490899999623 0.0007588700000572546 0.10517233138736193
1117 1.2596247999999832
1117 1.2541889999999967
1117 1.261624299999994
1117 1.2570519999999306
1117 1.2608518000001823
1117 1.2598583999999846
1117 1.2588777999999365
1117 1.2562785000000076
1117 1.257823000000144
1117 1.262877200000048
1117 1.2589056800000207 0.001323840000009143 0.10515799722256565
1118 0.8108131999999841
1118 0.8045928000001368
1118 0.8027345000000423
1118 0.8034820000000309
1118 0.8048834999999599
1118 0.8060394999999971
1118 0.8262878999998975
1118 0.8035060999998223
1118 0.8051422999999431
1118 0.8048364000001129
1118 0.8072318199999927 0.0007984733332932666 0.09891499734156588
1119 1.2632697999999891
1119 1.2601199000000634
1119 1.26140149999992
1119 1.2586060999999518
1119 1.2584082999999282
1119 1.2618851000001996
1119 1.2566604999999527
1119 1.2588605000000825
1119 1.2589104999999563
1119 1.2620061000000078
1119 1.260012830000005 0.0006644233333342372 0.05273147364175922
1120 0.6354525000001559
1120 0.6348911000000044
1120 0.633931400000165
1120 0.6330861000001278
1120 0.6388511000000108
1120 0.6346058999999968
1120 0.6353449999999157
1120 0.6373078999999962
1120 0.637027800000169
1120 0.6381002999999055
1120 0.6358599100000447 0.000746796666620253 0.1174467292048968
1121 0.8895924000000832
1121 0.8864474000001792
1121 0.9030637999999271
1121 0.8909723000001577
1121 0.8900120000000697
1121 0.8884279999999762
1121 0.888568899999882
1121 0.8881791999999678
1121 0.8857424000000265
1121 0.8842778000000635
1121 0.8895284200000333 0.0017502066666565952 0.1967566889719532
1122 0.7118078000000878
1122 0.7134032999999818
1122 0.7146381000000019
1122 0.7106139999998504
1122 0.7125866000001224
1122 0.7108248000001822
1122 0.7133702999999514
1122 0.7104653999999755
1122 0.7135757999999441
1122 0.71256110000013
1122 0.7123847200000227 5.879333336907452e-05 0.00825303122294266
1123 1.3062201999998706
1123 1.305074999999988
1123 1.3054419999998572
1123 1.3060155999999097
1123 1.3053184000000329
1123 1.3087050999999974
1123 1.3434253999998873
1123 1.3361879999999928
1123 1.3339157000000341
1123 1.335615100000041
1123 1.318592049999961 0.005674350000026622 0.43033400664191696
1124 1.3415471000000707
1124 1.337092900000016
1124 1.320078599999988
1124 1.3401507000000947
1124 1.3193144000001666
1124 1.314806200000021
1124 1.3170622000000094
1124 1.315683300000046
1124 1.346818199999916
1124 1.3226497000000563
1124 1.3275203300000384 0.0016235433333273708 0.12229894312257529
1125 0.6727909999999611
1125 0.6725357000000258
1125 0.6781908000000385
1125 0.6810703999999532
1125 0.6787387999997918
1125 0.685983300000089
1125 0.6736508000001322
1125 0.6757912999999007
1125 0.6868643000000247
1125 0.6720880000000307
1125 0.6777704399999948 0.0018941466666546984 0.2794672878703169
1126 1.2966484000000946
1126 1.3059092000000874
1126 1.3126512999999704
1126 1.312574799999993
1126 1.3262599000001956
1126 1.3014349000000038
1126 1.319106500000089
1126 1.3181627999999819
1126 1.2961953999999878
1126 1.2943659000000025
1126 1.3083309100000406 0.004655003333346046 0.3557970921397784
1127 0.7686923000001116
1127 0.7494794000001548
1127 0.751316400000178
1127 0.7514510999999402
1127 0.7558453999999983
1127 0.7476404999999886
1127 0.7667575000000397
1127 0.7520813999999518
1127 0.7502655999999206
1127 0.7462967999999819
1127 0.7539826400000266 0.0025619466666815622 0.3397885482723411
1128 0.7984976000000188
1128 0.8021671999999853
1128 0.7959321999999247
1128 0.7973013000000719
1128 0.8171365999999125
1128 0.8063012000000072
1128 0.8010426999999254
1128 0.810216900000114
1128 0.8048862000000554
1128 0.8103028999998969
1128 0.8043784799999912 0.001974806666635224 0.24550714815682853
1129 1.316676599999937
1129 1.3159308999997847
1129 1.3241309
1129 1.3106743000000733
1129 1.3194937000000664
1129 1.3174581000000671
1129 1.3285511999999926
1129 1.3316096000000925
1129 1.2908119999999599
1129 1.2891531000000214
1129 1.3144490399999995 0.008431979999992715 0.6414839787164908
1130 1.0394730000000436
1130 1.0407121999999163
1130 1.0429811000001337
1130 1.0409293000000162
1130 1.0388076000001547
1130 1.0417873000001237
1130 1.0416953000001286
1130 1.0403521999999157
1130 1.041846100000157
1130 1.0358900000001086
1130 1.0404474100000698 0.0015191366666537458 0.14600802040092
1131 0.7736260000001494
1131 0.7765243999999711
1131 0.7820697999998174
1131 0.7734797999999046
1131 0.7790286000001743
1131 0.7757029000001694
1131 0.7744629000001169
1131 0.7768462999999883
1131 0.7768271999998433
1131 0.7753854999998566
1131 0.7763953399999991 0.00033661333338082705 0.0433559188262036
1132 1.277549399999998
1132 1.2746265999999196
1132 1.2732361000000765
1132 1.2770232000000306
1132 1.27320009999994
1132 1.2794189999999617
1132 1.275382000000036
1132 1.2774360000000797
1132 1.2740124999997988
1132 1.2803890999998657
1132 1.2762273999999707 0.0013872333332983395 0.10869797445959642
1133 1.0319690000001174
1133 1.0364681999999448
1133 1.0252742000000126
1133 1.0315676000000167
1133 1.0289591999999175
1133 1.0274031000001287
1133 1.0338884000000235
1133 1.0281830999999784
1133 1.0302862000000914
1133 1.0289013999999952
1133 1.0302900400000226 0.00046288000000912116 0.044927154688315825
1134 0.6571530999999595
1134 0.6540512999999919
1134 0.6558402999999089
1134 0.6568299000000479
1134 0.6565319000001182
1134 0.6533259000000271
1134 0.656244499999957
1134 0.6558861999999408
1134 0.6555002000000059
1134 0.6550603000000592
1134 0.6556423600000016 0.0001940199999808101 0.02959235275475636
1135 1.251535399999966
1135 1.2515121999999792
1135 1.2514451999998073
1135 1.2565013000000818
1135 1.2524988000000121
1135 1.257797299999993
1135 1.2571047999999792
1135 1.2563328000001093
1135 1.2517115000000558
1135 1.2547259000000395
1135 1.2541165200000024 0.0002031266666790247 0.016196793793851333
1136 0.868029100000058
1136 0.8689053999999032
1136 0.8703831000000264
1136 0.8629421000000548
1136 0.8669020000002092
1136 0.8616921000000275
1136 0.8649692999999843
1136 0.8652784000000793
1136 0.8608827999998994
1136 0.8669297999999799
1136 0.8656914100000221 0.000412796666652578 0.047684043284265405
1137 1.2542338000000655
1137 1.252178300000196
1137 1.2546396000000186
1137 1.251774700000169
1137 1.2525182000001678
1137 1.2536569999999756
1137 1.2561161999999513
1137 1.2496578000000227
1137 1.250347599999941
1137 1.2514694999999847
1137 1.2526592700000492 0.0003965900000214943 0.03165984633806117
1138 1.2394256000000041
1138 1.2351699000000735
1138 1.242028399999981
1138 1.2424432999998771
1138 1.2436473000000206
1138 1.2369178999999804
1138 1.239662400000043
1138 1.240017600000101
1138 1.2461088000000018
1138 1.2404464000001099
1138 1.2405867600000193 4.678666663648911e-05 0.0037713337063574963
1139 0.9174141999999392
1139 0.9181859999998778
1139 0.9189333000001625
1139 0.9186907999999221
1139 0.91788489999999
1139 0.9161352000000988
1139 0.9147720999999365
1139 0.9195851000001767
1139 0.9198461000000862
1139 0.9190459999999803
1139 0.918049370000017 0.0003322099999877685 0.03618650704893598
1140 0.7040764000000763
1140 0.7036313999999493
1140 0.7066764999999577
1140 0.7043083999999453
1140 0.7055830000001606
1140 0.7038132000000132
1140 0.7068738000000394
1140 0.703821600000083
1140 0.7069294000000355
1140 0.7037530000000061
1140 0.7049466700000266 0.0003978900000068582 0.056442567493345724
1141 1.2539106000001539
1141 1.2569833999998536
1141 1.2517104999999447
1141 1.2520081999998638
1141 1.2517973999999867
1141 1.2529959000000872
1141 1.2535215999998854
1141 1.2498834999998962
1141 1.2550132999999732
1141 1.2626495000001796
1141 1.2540473899999824 0.0028673700000657236 0.22864925384245358
1142 1.2412996999998995
1142 1.2384967999998935
1142 1.241932800000086
1142 1.2439025999999558
1142 1.242632599999979
1142 1.2427104000000782
1142 1.2406768999999258
1142 1.245120899999847
1142 1.2408652000001439
1142 1.239000100000112
1142 1.241663799999992 0.0008878999999599735 0.0715088899233415
1143 1.257523400000082
1143 1.272407899999962
1143 1.255134999999882
1143 1.2560955000001286
1143 1.2553797999999006
1143 1.2560514000001604
1143 1.253179799999998
1143 1.2521257000000787
1143 1.2581321000000116
1143 1.2581619999998566
1143 1.257419260000006 0.000247579999950176 0.019689534574981363
1144 0.7015484999999444
1144 0.7025656999999228
1144 0.7032113999998728
1144 0.7006572999998752
1144 0.704257799999823
1144 0.7061409000000367
1144 0.7060864000000038
1144 0.7002880000000005
1144 0.700494400000025
1144 0.7046804999999949
1144 0.7029930899999499 0.0005624700000150066 0.08001074377772997
1145 1.2525037999998858
1145 1.2535060000000158
1145 1.253870200000165
1145 1.251927399999886
1145 1.2570674999999483
1145 1.2606215999999222
1145 1.2586185999998634
1145 1.2616554000001088
1145 1.259367400000201
1145 1.2544385999999577
1145 1.2563576499999953 0.0006396833333458899 0.05091570329084972
1146 1.2446912999998858
1146 1.2435038000000986
1146 1.240571300000056
1146 1.2467701000000488
1146 1.243355500000007
1146 1.242797899999914
1146 1.2466746999998577
1146 1.2434900999999172
1146 1.244559900000013
1146 1.2410218999998506
1146 1.2437436499999648 0.0009072500000380697 0.07294509604435731
1147 0.8646857000001091
1147 0.8670315000001665
1147 0.872722000000067
1147 0.8722381000000041
1147 0.863993199999868
1147 0.8671771000001627
1147 0.8686225000001286
1147 0.8669299999999112
1147 0.8635140999999749
1147 0.8670733999999811
1147 0.8673987600000373 0.00010845333335207652 0.01250328434318627
1148 0.7781614000000445
1148 0.7751742000000377
1148 0.7758581000000504
1148 0.8016887999999653
1148 0.777456999999913
1148 0.7767106000001149
1148 0.7756656999999905
1148 0.7752138999999261
1148 0.7772542999998677
1148 0.776178100000152
1148 0.7789362100000062 0.0009193699999514211 0.11802892048777829
1149 1.260511299999962
1149 1.2573333999998795
1149 1.2550821999998334
1149 1.2575896999999259
1149 1.258683900000051
1149 1.2566564999999628
1149 1.2571226000000024
1149 1.259444200000189
1149 1.2626075999999102
1149 1.2597895999999764
1149 1.2584820999999693 0.00043583333333570745 0.03463166725499855
1150 0.7356976000000941
1150 0.7327536000000237
1150 0.735672200000181
1150 0.736420599999974
1150 0.7365942000001269
1150 0.7663859000001594
1150 0.7351432999998906
1150 0.7353214999998272
1150 0.7341965999999047
1150 0.7331658000000516
1150 0.7381351300000233 0.0016564433333238946 0.22440922617025996
1151 1.2595503000000008
1151 1.2589802999998483
1151 1.260394500000075
1151 1.259894400000121
1151 1.263868999999886
1151 1.2594364999999925
1151 1.2593925000001036
1151 1.2589430000000448
1151 1.2621884000000136
1151 1.2600354999999581
1151 1.2602684400000044 7.76466666820852e-05 0.00616112125144425
1152 0.6489408999998432
1152 0.6462703000001966
1152 0.6454770000000281
1152 0.6466765000000123
1152 0.6470424999999977
1152 0.6487904000000526
1152 0.6447502999999415
1152 0.6442962999999509
1152 0.6409558000000288
1152 0.6431939000001421
1152 0.6456393900000194 0.0008151633332924199 0.12625675352496624
1153 1.4605291000000307
1153 1.4949859999999262
1153 1.4758942999999363
1153 1.483097799999996
1153 1.5085311000000274
1153 1.4871345999999903
1153 1.4897980000000643
1153 1.4889928000000054
1153 1.5998947999999018
1153 1.5183067000000392
1153 1.5007165199999917 0.005863393333349176 0.39070625632542566
1154 1.479669000000058
1154 1.4780287999999473
1154 1.4638597000000573
1154 1.481859199999917
1154 1.459759800000029
1154 1.4647576000002118
1154 1.464997799999992
1154 1.5227078000000347
1154 1.5398999999999887
1154 1.4830030999999053
1154 1.483854280000014 0.00028372666670291774 0.019120925182957656
1155 0.7032635000000482
1155 0.7076888000001418
1155 0.7173654000000624
1155 0.7227863000000525
1155 0.708994999999959
1155 0.7067768000001706
1155 0.7080911000000469
1155 0.7121142999999392
1155 0.7044029999999566
1155 0.7136344999998983
1155 0.7105118700000276 0.001040876666623558 0.14649673152167292
1156 0.75881470000013
1156 0.7559840999999778
1156 0.7619707999999719
1156 0.7565145999999459
1156 0.7756160999999793
1156 0.7562149000000318
1156 0.7749589999998534
1156 0.7608817999998791
1156 0.76591459999986
1156 0.7664734999998473
1156 0.7633344099999476 0.0010463633332998823 0.13707797258870513
1157 1.046759800000018
1157 1.0386199000001852
1157 1.0379414000001361
1157 1.0272251000001233
1157 1.0237363999999616
1157 1.0421825999999328
1157 1.0223797999999533
1157 1.024820200000022
1157 1.0339460000000145
1157 1.1127818999998453
1157 1.0410393100000193 0.02391419666660869 2.297146364877254
1158 1.3829317000001993
1158 1.38890020000008
1158 1.38627560000009
1158 1.3904516000000058
1158 1.3902545999999347
1158 1.3776347999998961
1158 1.3770936999999321
1158 1.3887445999998818
1158 1.405729600000086
1158 1.3988568999998279
1158 1.3886873299999933 0.0033898566666115126 0.2441051051147366
1159 0.9519980000000032
1159 0.9376412999999957
1159 0.9499328000001697
1159 0.9363144999999804
1159 1.0011494999998831
1159 0.9595718999999008
1159 0.9927531000000727
1159 0.935318000000052
1159 0.9839322000000266
1159 0.9638850000001185
1159 0.9612496300000203 0.0008784566666993898 0.09138694458580662
1160 0.7565761999999268
1160 0.7605880999999499
1160 0.7553331999999955
1160 0.7561189000000468
1160 0.755007699999851
1160 0.7546820000000025
1160 0.7553219999999783
1160 0.7609318999998322
1160 0.7700689000000693
1160 0.756102300000066
1160 0.7580731199999718 0.000656939999968631 0.08665918664530083
1161 0.8600891000000956
1161 0.8409658000000491
1161 0.8301088999999138
1161 0.8446014000001014
1161 0.8362414999999146
1161 0.845080199999984
1161 0.884179500000073
1161 0.8288519000000178
1161 0.8433853000001363
1161 0.8533767999999782
1161 0.8466880400000264 0.0022295866666505923 0.2633303603356111
1162 0.9877531999998155
1162 1.2228840999998738
1162 0.9687403000000359
1162 0.9712276999998721
1162 0.9860172000001057
1162 0.9771508999999696
1162 0.9814645000001292
1162 0.9670419999999922
1162 0.9719912000000477
1162 0.9676061999998637
1162 1.0001877299999706 0.010860510000035628 1.0858471539173897
1163 1.4339638999999806
1163 1.4262648999999783
1163 1.420993499999895
1163 1.4124480999998923
1163 1.3997770000000855
1163 1.3988254999999299
1163 1.4179701000000478
1163 1.4246336999999585
1163 1.4055888000000323
1163 1.3988463999999112
1163 1.4139311899999711 0.005028263333353304 0.3556229163707328
1164 1.022767599999952
1164 1.0075601999999435
1164 1.003552500000069
1164 1.0272523000001001
1164 1.1410794999999325
1164 1.0260267999999542
1164 1.0123516999999538
1164 1.000101900000118
1164 1.0080599000000348
1164 1.0109615999999733
1164 1.025971400000003 0.005003266666676609 0.4876614169436491
1165 1.41258229999994
1165 1.452439400000003
1165 1.5052690999998504
1165 1.3949932000000445
1165 1.4153746000001775
1165 1.398987600000055
1165 1.3945783000001484
1165 1.425986800000146
1165 1.399247800000012
1165 1.4166990999999598
1165 1.4216158200000337 0.0016389066666913088 0.1152847797298197
1166 0.8686380000001463
1166 0.8825587999999698
1166 0.86711420000006
1166 0.8784150999999838
1166 0.8687175999998544
1166 0.8735823999998047
1166 0.8962220999999317
1166 0.8928401999999096
1166 0.8860580999999002
1166 0.8833815000000413
1166 0.8797527999999601 0.0012095666666937326 0.1374893795954713
1167 1.479365899999948
1167 1.414287300000069
1167 1.4526173000001563
1167 1.431900300000052
1167 1.3945037000000866
1167 1.4550961999998435
1167 1.4047594999999546
1167 1.423131900000044
1167 1.409186899999895
1167 1.4176703000000543
1167 1.4282519300000103 0.0035272099999853106 0.24695993234087804
1168 0.9217806999999993
1168 0.9078028999999788
1168 0.9169220999999652
1168 0.9091511999999966
1168 0.9074845000000096
1168 0.9161910000000262
1168 0.9106638000000657
1168 0.9268849000000046
1168 0.9741156000000046
1168 0.9220420999999988
1168 0.921303880000005 0.0002460733333312648 0.026709247477744637
1169 1.425149799999872
1169 1.4074172000000544
1169 1.429483300000129
1169 1.401701199999934
1169 1.4017149999999674
1169 1.3995598999999856
1169 1.4017628000001423
1169 1.395639200000005
1169 1.4109572999998363
1169 1.4240001000000575
1169 1.4097385799999984 0.004753840000019697 0.33721429401610775
1170 0.7354496000000381
1170 0.747713400000066
1170 0.7343797000000905
1170 0.7380938000001152
1170 0.7253892999999607
1170 0.7256493000002138
1170 0.7248876000001019
1170 0.7532751999999618
1170 0.7296581000000515
1170 0.7233776000000489
1170 0.7337873600000648 0.003469920000005307 0.4728781373400872
1171 1.4025779999999486
1171 1.4154279999997925
1171 1.4590107000001353
1171 1.4093394999999873
1171 1.406952199999978
1171 1.3966457999999875
1171 1.4074848999998721
1171 1.4097816000000876
1171 1.4190441000000646
1171 1.4103379000000587
1171 1.4136602699999912 0.0011074566666441725 0.0783396612429505
1172 1.3989706999998361
1172 1.3944556999999804
1172 1.3823251999999684
1172 1.3859123000002
1172 1.4474614000000656
1172 1.4125329999999394
1172 1.3887134999999944
1172 1.3846831000000748
1172 1.4059014999997999
1172 1.3998741000000336
1172 1.4000830499999892 6.964999998519221e-05 0.004974704892341405
1173 0.8253225000000839
1173 0.8289237999999841
1173 0.839654899999914
1173 0.8134835999999268
1173 0.8086762000000363
1173 0.8308786000000055
1173 0.8493696000000455
1173 0.8103600000001734
1173 0.8130029000001286
1173 0.8155146999999943
1173 0.8235186800000293 0.002667993333344998 0.3239748409040221
1174 1.410221999999976
1174 1.4067955999998958
1174 1.3953738000000158
1174 1.385237400000051
1174 1.4069452000001093
1174 1.4119610000000193
1174 1.3963608999999906
1174 1.4224031999999625
1174 1.3885666999999557
1174 1.397177000000056
1174 1.4021042800000032 0.001642426666649044 0.11714012217757727
1175 0.8539369999998598
1175 0.8622161999999207
1175 0.8615345000000616
1175 0.8523301999998694
1175 0.8560101000000486
1175 0.8529707000000144
1175 0.9456654000000526
1175 0.8524553999998261
1175 0.9046436999999514
1175 0.8522735999999895
1175 0.8694036799999594 0.005710026666656616 0.6567750744575734
1176 0.6918633000000227
1176 0.6850274000000809
1176 0.7035418000000391
1176 0.6997311000000082
1176 0.6897152999999889
1176 0.7119817000000239
1176 0.7103111000001263
1176 0.6902926999998726
1176 0.6843590999999378
1176 0.6846138000000792
1176 0.695143730000018 0.0035099766666462457 0.5049281918497855
1177 1.1091609999998582
1177 1.108270000000175
1177 1.196934199999987
1177 1.1081621999999243
1177 1.0970319000000472
1177 1.1577687999999853
1177 1.0977418999998463
1177 1.1159432000001743
1177 1.0986080999998649
1177 1.0976610999998684
1177 1.1187282399999732 0.0070223800000349295 0.6277109801067593
1178 0.8449691000000712
1178 0.8518203000000995
1178 0.845270299999811
1178 0.8351634000000558
1178 0.8346839999999247
1178 0.8323431999999684
1178 0.833099700000048
1178 0.8378615999999965
1178 0.8378913999999895
1178 0.8337132999999994
1178 0.8386816299999964 0.0016561099999989892 0.19746587271727845
1179 1.198850099999845
1179 1.2083047000000988
1179 1.1894236000000546
1179 1.210927300000094
1179 1.1833678000000418
1179 1.1839122999999745
1179 1.1991012999999384
1179 1.197860300000002
1179 1.1980788999999277
1179 1.2072860999999193
1179 1.1977112399999896 0.0031916199999765618 0.2664765841202751
1180 0.8823093999999401
1180 0.8764072000001306
1180 0.8772363999999016
1180 0.8723492999999962
1180 0.8723437999999533
1180 0.8757474999999886
1180 0.8879018000000087
1180 0.8720060999999077
1180 0.8604540999999699
1180 0.8588004000000637
1180 0.873555599999986 0.004918399999974085 0.5630322786522305
1181 1.394242899999881
1181 1.3936212999999498
1181 1.401823400000012
1181 1.3931835000000774
1181 1.3950503999999455
1181 1.394478399999798
1181 1.39442710000003
1181 1.3927137000000585
1181 1.3949749999999312
1181 1.4055338000000575
1181 1.396004949999974 0.0031762833333611367 0.22752665263552221
1182 1.3832735000000866
1182 1.3839585999999144
1182 1.3808616999999686
1182 1.3800258000001122
1182 1.3772564000000784
1182 1.3823934999998073
1182 1.379171999999926
1182 1.3820164999999633
1182 1.3831453999998757
1182 1.3840276999999332
1182 1.3816131099999667 0.0008048633333221922 0.05825533410885277
1183 0.7711483999999018
1183 0.7714198999999553
1183 0.7732392999998865
1183 0.7712864000000081
1183 0.7703543000000082
1183 0.7682492999999795
1183 0.7741060999999263
1183 0.7760960000000523
1183 0.7716905999998289
1183 0.7708760000000439
1183 0.7718466299999591 0.00032354333330508744 0.04191808589034127
1184 0.7802770000000692
1184 0.7761508999999478
1184 0.7788223999998536
1184 0.7798638000001574
1184 0.7793930000000273
1184 0.7806425000001127
1184 0.7785376000001634
1184 0.780288500000097
1184 0.779798000000028
1184 0.7816179000001284
1184 0.7795391600000585 0.0006929133333566373 0.0888875593314113
1185 0.9602526000001035
1185 0.9584546999999475
1185 0.9575893999999607
1185 0.9573594000000867
1185 0.9569897999999739
1185 0.9613076000000547
1185 0.9616139000002022
1185 0.9621331000000737
1185 0.9575557999999091
1185 0.9598828000000594
1185 0.9593139100000372 0.00018963000000741617 0.01976725220292165
1186 1.390513300000066
1186 1.3906431999998858
1186 1.3901706999999988
1186 1.3910318999999163
1186 1.3868082000001323
1186 1.3878944000000502
1186 1.3849729999999454
1186 1.3953176999998504
1186 1.3891681999998582
1186 1.389021300000195
1186 1.38955418999999 0.00017762999993164996 0.012783236609984332
1187 1.4035569000000123
1187 1.4029915000000983
1187 1.401027299999896
1187 1.3987784999999349
1187 1.4030539000000317
1187 1.3984801999999945
1187 1.3962421999999606
1187 1.4008658000000196
1187 1.3984826000000794
1187 1.3983508000001166
1187 1.4001829700000143 0.0006107233332992568 0.04361739475371926
1188 0.6836895000001277
1188 0.6834409000000505
1188 0.6805158999998184
1188 0.6811437999999725
1188 0.6823268999999073
1188 0.6807096000000001
1188 0.6816324999999779
1188 0.6811239000001024
1188 0.6815017000001262
1188 0.679984500000046
1188 0.6816069200000129 0.0005408066666556429 0.07934289555857688
1189 0.9060868999999911
1189 0.9041345000000547
1189 0.903925099999924
1189 0.8995397999999568
1189 0.9017368999998325
1189 0.904008800000156
1189 0.9118381000000682
1189 0.9003570999998374
1189 0.9098151999999118
1189 0.9001620000001367
1189 0.904160439999987 0.0013328133332834262 0.14740894141347805
1190 0.7423974000000726
1190 0.742683500000112
1190 0.7419768000002023
1190 0.7418728999998621
1190 0.7417330000000675
1190 0.7411919999999554
1190 0.7424872999999934
1190 0.7430457999998907
1190 0.7464611999998851
1190 0.7438885000001392
1190 0.742773840000018 0.0003715533333737235 0.05002240431269288
1191 1.343119599999909
1191 1.3390492999999424
1191 1.3436483000000408
1191 1.341105299999981
1191 1.3444672999999057
1191 1.3398850000000948
1191 1.3419397999998637
1191 1.339458200000081
1191 1.342019100000016
1191 1.3571881999998823
1191 1.3431880099999716 0.004666729999970236 0.3474368416950308
1192 1.3338935000001584
1192 1.3262687999999798
1192 1.3309515999999348
1192 1.3290274999999383
1192 1.3390058999998473
1192 1.331392299999834
1192 1.3304178999999294
1192 1.3298015000000305
1192 1.332246400000031
1192 1.3257063999999446
1192 1.3308711799999629 0.0017215933333394329 0.1293583751163265
1193 1.3434908000001542
1193 1.3442775999999412
1193 1.3473429999999098
1193 1.3458192000000508
1193 1.3497061999999005
1193 1.3454466000000593
1193 1.3429077999999208
1193 1.3415870999999697
1193 1.3412267999999585
1193 1.3504255000000285
1193 1.3452230599999893 0.0017341466666797405 0.12891145849668637
1194 1.3299724999999398
1194 1.332468800000015
1194 1.3331891000000269
1194 1.3327884000000267
1194 1.327662700000019
1194 1.3307090999999218
1194 1.3344853000000967
1194 1.3322741999998016
1194 1.3342559000000165
1194 1.3348843999999644
1194 1.3322690399999828 0.0008717866666605456 0.06543623250905514
1195 1.3470949000000019
1195 1.34542579999993
1195 1.3435069000001931
1195 1.3419601000000512
1195 1.3461871999998039
1195 1.342034200000171
1195 1.3494483000001765
1195 1.3439771000000746
1195 1.3440447999998923
1195 1.3468189999998685
1195 1.3450498300000162 0.000589723333284109 0.043843976641675934
1196 0.7753823000000466
1196 0.7770104999999603
1196 0.7779209000000264
1196 0.7785096000000067
1196 0.7791386000001239
1196 0.7771175999998832
1196 0.7789812000000893
1196 0.7794836999999006
1196 0.7794397999998637
1196 0.7783997000001364
1196 0.7781383900000037 8.710333337754357e-05 0.011193810059614609
1197 0.7631582999999864
1197 0.7601885999999922
1197 0.7609686000000693
1197 0.7895472000000154
1197 0.7634358000000248
1197 0.7653671000000486
1197 0.7687353000001167
1197 0.7620323000001008
1197 0.7643242999999984
1197 0.7637222000000747
1197 0.7661479700000428 0.0008085899999893398 0.10553966487561073
1198 1.333326599999964
1198 1.3342955999999049
1198 1.3317065999999613
1198 1.329512799999975
1198 1.3332863000000543
1198 1.3343995999998697
1198 1.3326130999998895
1198 1.3341499999999087
1198 1.3336561999999503
1198 1.3293464000000768
1198 1.3326293199999555 0.0010943066666262435 0.08211635825529338
1199 1.1088984000000437
1199 1.1095824999999877
1199 1.1118207000001803
1199 1.1120343000000048
1199 1.1080821999998989
1199 1.1074541000000409
1199 1.1097310999998626
1199 1.1128555000000233
1199 1.1086109999998826
1199 1.1099335000001247
1199 1.109900330000005 1.105666670656961e-05 0.0009961855499736232
1200 0.6760957000001326
1200 0.6767509000001155
1200 0.6756679999998596
1200 0.678376699999717
1200 0.6804167000000234
1200 0.6741971999999805
1200 0.6751223000001119
1200 0.6743046000001414
1200 0.673951599999782
1200 0.6744711000001189
1200 0.6759354799999983 0.0004881266666264539 0.07221497925015788
[1000, 1024, 1080, 1125, 1152, 1200]
[0.5742152599999999, 0.5727773299999968, 0.6122500800000126, 0.6777704399999948, 0.6456393900000194, 0.6759354799999983]
[0.5742152599999999, 0.6395602500000003, 1.1326211499999996, 0.7966190000000012, 1.1238568800000004, 0.7843184199999996, 1.1267667500000016, 0.7839765499999999, 0.5726694199999983, 1.1945066100000006, 0.8954519500000003, 1.1892958100000015, 0.6457049699999956, 1.1922816099999949, 0.6542483500000003, 0.6802005399999984, 1.1403464000000014, 0.9545613199999992, 1.133639020000001, 1.1456673500000023, 0.6268834499999997, 1.1480402499999969, 0.8111688499999985, 0.6963469099999884, 0.5727773299999968, 0.7170308800000044, 0.6495844299999988, 0.8680951700000066, 1.2719530499999963, 0.6450461299999801, 0.9411059900000055, 1.310469740000002, 0.7110289899999997, 1.3123429999999872, 0.7479933900000105, 0.6733695499999897, 0.6971983800000032, 0.8249744400000054, 1.296387749999991, 1.311995980000006, 0.6316036600000074, 1.2209633999999994, 1.2086960599999999, 1.222092600000019, 0.6730594099999962, 0.6786345199999915, 1.2104869000000122, 1.230124289999992, 1.2104708800000084, 1.2544196799999952, 0.6318993600000056, 1.5075767399999904, 1.2520504999999844, 0.6761150500000099, 0.7475092599999925, 1.2573609000000032, 0.6274112099999798, 1.189166200000011, 0.7483309300000315, 1.3337629999999763, 0.7586499599999798, 1.3278317899999934, 0.7986249999999927, 1.3463486600000123, 0.6713480400000208, 0.8519205799999782, 0.7742523799999959, 0.962416810000002, 0.8856490299999791, 1.3307835999999953, 0.9764297199999987, 0.6901192100000003, 0.8258063499999935, 0.8335179999999923, 1.3350975700000276, 0.7645244300000058, 1.3184344499999838, 1.3311919699999748, 0.6433154899999977, 0.925819690000003, 0.6122500800000126, 0.8292173900000194, 1.3942615600000068, 0.7340295999999966, 1.3960216899999978, 0.728745200000003, 1.3963969599999928, 1.4096573299999933, 0.6579012900000066, 0.6614277900000161, 1.301720259999979, 1.3134721600000148, 0.662183129999994, 1.3095314999999688, 1.305844500000012, 0.8702591599999892, 1.0854218500000001, 1.3604721700000255, 0.8511649200000079, 1.3221565400000146, 0.6328674299999989, 1.3475872800000275, 0.7636139100000264, 1.3507449100000257, 0.6888102600000593, 0.7305113400000437, 0.8961276799999723, 0.7722908700000062, 1.243191250000018, 1.2598939100000734, 0.753802010000004, 1.001874420000013, 1.2449455100000022, 0.818471409999961, 1.2461591100000304, 1.2571943099999543, 0.7215490899999623, 1.2589056800000207, 0.8072318199999927, 1.260012830000005, 0.6358599100000447, 0.8895284200000333, 0.7123847200000227, 1.318592049999961, 1.3275203300000384, 0.6777704399999948, 1.3083309100000406, 0.7539826400000266, 0.8043784799999912, 1.3144490399999995, 1.0404474100000698, 0.7763953399999991, 1.2762273999999707, 1.0302900400000226, 0.6556423600000016, 1.2541165200000024, 0.8656914100000221, 1.2526592700000492, 1.2405867600000193, 0.918049370000017, 0.7049466700000266, 1.2540473899999824, 1.241663799999992, 1.257419260000006, 0.7029930899999499, 1.2563576499999953, 1.2437436499999648, 0.8673987600000373, 0.7789362100000062, 1.2584820999999693, 0.7381351300000233, 1.2602684400000044, 0.6456393900000194, 1.5007165199999917, 1.483854280000014, 0.7105118700000276, 0.7633344099999476, 1.0410393100000193, 1.3886873299999933, 0.9612496300000203, 0.7580731199999718, 0.8466880400000264, 1.0001877299999706, 1.4139311899999711, 1.025971400000003, 1.4216158200000337, 0.8797527999999601, 1.4282519300000103, 0.921303880000005, 1.4097385799999984, 0.7337873600000648, 1.4136602699999912, 1.4000830499999892, 0.8235186800000293, 1.4021042800000032, 0.8694036799999594, 0.695143730000018, 1.1187282399999732, 0.8386816299999964, 1.1977112399999896, 0.873555599999986, 1.396004949999974, 1.3816131099999667, 0.7718466299999591, 0.7795391600000585, 0.9593139100000372, 1.38955418999999, 1.4001829700000143, 0.6816069200000129, 0.904160439999987, 0.742773840000018, 1.3431880099999716, 1.3308711799999629, 1.3452230599999893, 1.3322690399999828, 1.3450498300000162, 0.7781383900000037, 0.7661479700000428, 1.3326293199999555, 1.109900330000005, 0.6759354799999983]
