1000 0.5702281999999999
1000 0.5800163000000005
1000 0.5779864000000003
1000 0.5899543999999999
1000 0.6077967999999991
1000 0.5645226000000001
1000 0.5645857999999997
1000 0.5669027
1000 0.5673014999999992
1000 0.5650902000000002
1000 0.5754384899999999 0.0034494299999999014 0.5994437389824067
1001 0.6359633000000002
1001 0.6320879999999995
1001 0.6358283999999994
1001 0.6375817000000001
1001 0.6379497999999977
1001 0.6318466000000029
1001 0.6326883000000016
1001 0.6326171000000009
1001 0.6337097000000007
1001 0.6466169999999991
1001 0.6356889900000002 0.003642669999999626 0.5730270709894825
1002 1.2199319000000024
1002 1.1708990999999997
1002 1.1251524999999987
1002 1.1222917999999993
1002 1.1256763999999997
1002 1.1212099000000002
1002 1.1234812000000005
1002 1.123405100000003
1002 1.1324906000000006
1002 1.1863160000000015
1002 1.1450854500000005 0.013743516666666991 1.2002175616384774
1003 0.7931570999999984
1003 0.7809208999999981
1003 0.7809325999999999
1003 0.7892245000000031
1003 0.8415907999999988
1003 0.8028708000000009
1003 0.863622399999997
1003 0.8215816000000018
1003 0.7808902000000018
1003 0.7906663000000052
1003 0.8045457200000005 0.004626473333331771 0.5750416935077062
1004 1.1327130000000025
1004 1.1269942999999998
1004 1.1293097999999944
1004 1.1310828999999956
1004 1.2048303000000047
1004 1.150595299999999
1004 1.1469986000000034
1004 1.2925982000000005
1004 1.173846399999995
1004 1.1576579000000038
1004 1.1646626699999998 0.0023349233333319988 0.20048065362410897
1005 0.7922450000000012
1005 0.7857899999999987
1005 1.0327251000000004
1005 0.9550875999999988
1005 0.8012832999999944
1005 0.7815251999999973
1005 0.7876593000000014
1005 0.8142017999999993
1005 0.8127876
1005 0.828273700000004
1005 0.8391578599999996 0.0036280533333318634 0.4323445571172825
1006 1.1819255999999996
1006 1.1391358999999994
1006 1.1516723000000013
1006 1.1510016000000007
1006 1.1513775999999964
1006 1.2928143000000034
1006 1.1444627000000054
1006 1.124848600000007
1006 1.137318399999998
1006 1.1467639999999903
1006 1.1621321000000002 0.0051227000000032925 0.4408018675332427
1007 0.775301099999993
1007 0.7676242999999943
1007 0.7683100999999937
1007 0.768057799999994
1007 0.7665424999999999
1007 0.8135823000000073
1007 0.787253299999989
1007 0.7707115999999985
1007 0.8049170999999973
1007 0.8117044999999905
1007 0.7834004599999957 0.009434679999998252 1.204324031160041
1008 0.589539000000002
1008 0.588099200000002
1008 0.6504033999999876
1008 0.5932062999999914
1008 0.6097722999999888
1008 0.5869579000000016
1008 0.5623754000000076
1008 0.5632585000000034
1008 0.5634582999999935
1008 0.5645339000000007
1008 0.5871604199999979 0.007542173333332403 1.2845166459504251
1009 1.236694
1009 1.234582500000002
1009 1.2236898999999966
1009 1.2269641999999976
1009 1.225771999999992
1009 1.2275663000000065
1009 1.2263822000000033
1009 1.2294638000000049
1009 1.2378247000000044
1009 1.2277620999999925
1009 1.22967017 0.000636023333335789 0.05172308386856201
1010 0.8990902999999975
1010 0.8911973000000017
1010 0.8991024999999979
1010 0.8895945000000012
1010 0.897635600000001
1010 0.8915634999999895
1010 0.8898347000000086
1010 0.890439299999997
1010 0.8913134000000014
1010 0.897544400000001
1010 0.8937315499999997 0.001270950000000437 0.14220713143677624
1011 1.2366672999999935
1011 1.2232144000000034
1011 1.2337605999999965
1011 1.2247675999999927
1011 1.2209742000000006
1011 1.2352425000000125
1011 1.2468992999999955
1011 1.2295930000000084
1011 1.2518744999999996
1011 1.2236950000000064
1011 1.232668840000001 0.0029912799999981905 0.24266695992722492
1012 0.6458834000000024
1012 0.64386429999999
1012 0.640577499999992
1012 0.6384252000000004
1012 0.6411860999999988
1012 0.6397328999999985
1012 0.6435448999999949
1012 0.6390495999999928
1012 0.6392225000000025
1012 0.638794500000003
1012 0.6410280899999975 0.0007445299999981522 0.11614623627463114
1013 1.2352886999999981
1013 1.2296592000000004
1013 1.2193603999999993
1013 1.2172986000000208
1013 1.2222982999999772
1013 1.2186489999999992
1013 1.2191430000000025
1013 1.219308600000005
1013 1.2222579999999823
1013 1.2232132999999976
1013 1.2226477099999982 0.00018852999999981654 0.015419813774469575
1014 0.6445505000000082
1014 0.6414542999999924
1014 0.6410106000000155
1014 0.642067400000002
1014 0.6419994999999972
1014 0.6472339000000034
1014 0.6477507000000173
1014 0.6425175999999908
1014 0.6429203000000143
1014 0.6447766000000001
1014 0.6436281400000041 0.00038281999999867367 0.0594784435619411
1015 0.67340200000001
1015 0.6832272999999986
1015 0.7101377000000184
1015 0.6833541000000025
1015 0.681773800000002
1015 0.6795739000000083
1015 0.7265754999999956
1015 0.6943770000000029
1015 0.7008301999999844
1015 0.6796604000000173
1015 0.691291190000004 0.0038769299999955966 0.5608244479429245
1016 1.1159403000000054
1016 1.1051733000000183
1016 1.0986088000000223
1016 1.0984358999999984
1016 1.1482216999999935
1016 1.0993264999999894
1016 1.100498000000016
1016 1.0960984000000167
1016 1.1012598000000082
1016 1.0977695999999924
1016 1.106133230000006 0.002787876666671204 0.2520380539215144
1017 0.9356817999999976
1017 0.9333271000000138
1017 0.9347030000000132
1017 0.9347142000000019
1017 0.9433156999999994
1017 0.9330820000000131
1017 0.9319892000000038
1017 0.930234100000007
1017 0.9337139999999806
1017 0.9320359999999823
1017 0.9342797100000013 0.000747903333339665 0.08005132995338879
1018 1.0953480999999954
1018 1.0997633000000064
1018 1.1026822000000038
1018 1.1082563999999877
1018 1.1092947999999865
1018 1.1000214999999969
1018 1.1122774000000106
1018 1.0988630000000228
1018 1.0987957999999765
1018 1.0985540000000071
1018 1.1023856499999993 0.001277216666664064 0.11585933349767977
1019 1.1148033999999996
1019 1.1133968000000039
1019 1.118006400000013
1019 1.1153175999999974
1019 1.1129023000000018
1019 1.1119753999999773
1019 1.111459100000019
1019 1.1110618999999815
1019 1.1118235999999797
1019 1.1110589000000175
1019 1.113180539999999 0.0007072133333271651 0.06353087463486971
1020 0.6320615999999859
1020 0.6230946000000017
1020 0.6191578000000106
1020 0.6227729999999951
1020 0.6180262000000027
1020 0.6207411000000036
1020 0.6180658999999764
1020 0.6198728999999901
1020 0.621107099999989
1020 0.6198607000000038
1020 0.6214760899999959 0.000538463333330704 0.0866426467558402
1021 1.109675199999998
1021 1.1144390000000044
1021 1.1238602999999898
1021 1.1139002999999832
1021 1.1195570999999802
1021 1.116560899999996
1021 1.1165036000000157
1021 1.1142080000000192
1021 1.1152233999999908
1021 1.122163999999998
1021 1.1166091799999975 0.0018516066666668016 0.16582405910963455
1022 0.8036985999999899
1022 0.805682599999983
1022 0.8027553999999952
1022 0.8017894000000183
1022 0.800115500000004
1022 0.8017059999999958
1022 0.8013296000000025
1022 0.8023325999999997
1022 0.8021448000000078
1022 0.8025571999999954
1022 0.8024111699999992 4.8676666665414814e-05 0.006066299733267031
1023 0.6882354999999905
1023 0.6886033000000111
1023 0.6863724000000104
1023 0.6845525999999893
1023 0.6856792999999755
1023 0.6852484000000061
1023 0.6839501999999982
1023 0.6842109999999764
1023 0.6853595000000041
1023 0.6846233999999924
1023 0.6856835599999954 0.00035338666666765806 0.05153786488152937
1024 0.5622131000000081
1024 0.5585655999999801
1024 0.5598156000000074
1024 0.5582642999999905
1024 0.5601800999999966
1024 0.5597805000000164
1024 0.5583178999999916
1024 0.5582278999999915
1024 0.5635197999999946
1024 0.5586313000000018
1024 0.5597516099999978 0.0003734366666653388 0.06671471059553366
1025 0.7152148000000125
1025 0.711519299999992
1025 0.714264500000013
1025 0.724989800000003
1025 0.7169450000000097
1025 0.7118321000000094
1025 0.709202299999987
1025 0.711246200000005
1025 0.7130298999999809
1025 0.7135659000000203
1025 0.7141809800000033 0.00020502666666100122 0.0287079427207653
1026 0.6471270000000118
1026 0.6427304000000049
1026 0.6449297999999999
1026 0.6437313000000131
1026 0.643742599999996
1026 0.6443843000000129
1026 0.6435591999999986
1026 0.645127599999995
1026 0.643933799999985
1026 0.6454894000000024
1026 0.644475540000002 0.0003379533333334924 0.05243850423454261
1027 0.8618175000000008
1027 0.8578119999999956
1027 0.8574215999999808
1027 0.858786699999996
1027 0.861473100000012
1027 0.858724699999982
1027 0.8583452000000023
1027 0.968549199999984
1027 0.8654966000000002
1027 0.8565169999999966
1027 0.870494359999995 0.0046591199999994615 0.5352269025613776
1028 1.3004893000000095
1028 1.30020540000001
1028 1.2980007999999827
1028 1.298439999999971
1028 1.2988750000000095
1028 1.3036171999999624
1028 1.299773499999958
1028 1.2985871999999858
1028 1.3084148000000368
1028 1.2989259000000288
1028 1.3005329099999954 0.0005356699999888488 0.04118850018096433
1029 0.6122669000000087
1029 0.6102745000000027
1029 0.6114939999999933
1029 0.6123011999999903
1029 0.6111752000000479
1029 0.6147039000000518
1029 0.6127621999999633
1029 0.6098607999999786
1029 0.6112659999999437
1029 0.6134283000000096
1029 0.611953299999999 0.0004916666666701837 0.08034382144359455
1030 0.9407499000000143
1030 0.9254240999999865
1030 0.9375492000000349
1030 0.9543072000000166
1030 0.9446417000000338
1030 0.9213027999999781
1030 0.9478690999999912
1030 0.9445145999999909
1030 0.9295619000000102
1030 0.9205861000000368
1030 0.9366506600000093 0.005354853333324157 0.5717022964916401
1031 1.342467699999986
1031 1.3436702000000196
1031 1.3402340000000095
1031 1.34019219999999
1031 1.339339300000006
1031 1.3369243999999867
1031 1.3387632000000167
1031 1.3382416000000035
1031 1.3395213000000012
1031 1.3399294999999825
1031 1.3399283400000002 3.8666666076399753e-07 2.885726417011207e-05
1032 0.6982605999999691
1032 0.69667400000003
1032 0.6981263000000126
1032 0.6989090999999803
1032 0.6975768000000357
1032 0.722785999999985
1032 0.7023611000000187
1032 0.7053966000000287
1032 0.6966575999999804
1032 0.6984460999999555
1032 0.7015194199999997 0.0010244400000147074 0.14603159525002285
1033 1.3443523999999911
1033 1.3452546999999981
1033 1.34087930000004
1033 1.3415218000000095
1033 1.3390388999999914
1033 1.341904800000009
1033 1.342612900000006
1033 1.3444538999999622
1033 1.3402792999999633
1033 1.3386896000000092
1033 1.341898759999998 0.001069719999996277 0.07971689309827505
1034 0.7371575999999891
1034 0.7359217000000058
1034 0.7356259000000023
1034 0.740752499999985
1034 0.7395496000000321
1034 0.7356636000000094
1034 0.7350175999999919
1034 0.738111799999956
1034 0.7402094999999917
1034 0.7419191000000183
1034 0.7379928899999981 0.0013087366666733786 0.17733730018366192
1035 0.8606280000000197
1035 0.772640899999999
1035 0.7108147000000145
1035 0.6998269999999707
1035 0.7205416000000469
1035 0.6794131000000334
1035 0.6925774000000047
1035 0.6735173000000145
1035 0.6840024999999628
1035 0.6876222000000212
1035 0.7181584700000088 0.010178756666662533 1.4173413100123164
1036 0.6893398000000275
1036 0.6857845000000111
1036 0.6879064999999969
1036 0.6856889000000024
1036 0.6876659000000132
1036 0.7135787000000278
1036 0.7209720000000175
1036 0.6866233000000079
1036 0.6861309000000233
1036 0.6872781000000145
1036 0.6930968600000142 0.001939586666666567 0.27984352239981686
1037 0.813450199999977
1037 0.8119009000000119
1037 0.8122129999999856
1037 0.8119404000000259
1037 0.8130925000000389
1037 0.8176507999999671
1037 0.8110972000000061
1037 0.8162641999999778
1037 0.8132177000000524
1037 0.812542599999972
1037 0.8133369500000015 0.0002647833333431585 0.03255518310623389
1038 1.3309605000000033
1038 1.3291825000000017
1038 1.3286454000000276
1038 1.3283225999999786
1038 1.332721700000036
1038 1.3299901999999975
1038 1.3297547999999892
1038 1.3310041999999953
1038 1.3310911000000374
1038 1.3290705000000003
1038 1.3300743500000067 0.00033461666666882256 0.02515774149533978
1039 1.3460729999999899
1039 1.3460965000000442
1039 1.346785900000043
1039 1.341978700000027
1039 1.3421875000000227
1039 1.3628744000000097
1039 1.3449977999999874
1039 1.342123000000015
1039 1.3405356000000097
1039 1.3441242999999758
1039 1.3457776700000124 0.0005511233333455046 0.040952034324176254
1040 0.6332451000000106
1040 0.6314515000000256
1040 0.6394745999999714
1040 0.6633526999999617
1040 0.6376983999999766
1040 0.620013399999948
1040 0.6189870999999698
1040 0.6203838000000133
1040 0.6192654999999831
1040 0.6193370999999956
1040 0.6303209199999855 0.0036612733333299583 0.5808586098221271
1041 1.2426555999999778
1041 1.275951300000031
1041 1.2844407999999703
1041 1.2451218999999583
1041 1.252541199999996
1041 1.2602195000000052
1041 1.274149599999987
1041 1.2495147999999858
1041 1.2411490999999728
1041 1.249981699999978
1041 1.2575725499999861 0.0025302833333360475 0.20120376620307712
1042 1.233998100000008
1042 1.257217799999978
1042 1.2424788999999805
1042 1.253287499999999
1042 1.2569555000000037
1042 1.2461051000000225
1042 1.2414784000000054
1042 1.2426406999999813
1042 1.232278899999983
1042 1.2766551999999933
1042 1.2483096099999955 0.00944852999999927 0.7569059730301446
1043 1.286917600000038
1043 1.2655453999999509
1043 1.270247299999994
1043 1.2614624999999933
1043 1.2540594999999826
1043 1.2787912000000006
1043 1.249473299999977
1043 1.2413025999999832
1043 1.2489747000000193
1043 1.2465365000000475
1043 1.2603310599999986 0.0045981866666503874 0.3648395895797722
1044 0.6624669999999924
1044 0.6637144999999691
1044 0.664137299999993
1044 0.6627882999999883
1044 0.6628273000000036
1044 0.6667121999999495
1044 0.6639005000000111
1044 0.6635569000000032
1044 0.6617939000000206
1044 0.6616410999999971
1044 0.6633538999999928 0.0005709333333319133 0.08606768322789984
1045 0.6875762000000236
1045 0.682209499999999
1045 0.7022677999999587
1045 0.7006677999999624
1045 0.7142162999999755
1045 0.6890839000000142
1045 0.7138510999999994
1045 0.7108564999999771
1045 0.7016948000000411
1045 0.6875593999999978
1045 0.6989983299999949 0.0038129766666656906 0.5454915273782869
1046 1.2546355000000062
1046 1.239625999999987
1046 1.2404117000000383
1046 1.2335595000000126
1046 1.2333998000000292
1046 1.235012500000039
1046 1.2449010999999928
1046 1.2627837999999656
1046 1.278612599999974
1046 1.2810834
1046 1.2504025900000044 0.010226936666665187 0.8178915133777155
1047 1.284924999999987
1047 1.2745585999999776
1047 1.2938760000000116
1047 1.2529769999999871
1047 1.2872062999999798
1047 1.2530934000000116
1047 1.255127400000049
1047 1.2484015
1047 1.2800827000000368
1047 1.2716210000000387
1047 1.270186890000008 0.00047803666667693234 0.03763514412252589
1048 1.247581299999979
1048 1.2653722000000016
1048 1.2579971000000114
1048 1.259547399999974
1048 1.260553200000004
1048 1.2794589000000087
1048 1.2724497000000383
1048 1.237818300000015
1048 1.23805619999996
1048 1.237704199999996
1048 1.2556538499999987 0.005983216666667568 0.47650207632203523
1049 1.255563900000027
1049 1.2720002999999451
1049 1.2494383000000084
1049 1.250598200000013
1049 1.4414009999999848
1049 2.4031200000000013
1049 1.842385400000012
1049 2.041225300000008
1049 1.9900268000000096
1049 2.0693851000000336
1049 1.6815144300000042 0.12929022333334314 7.68891548158423
1050 1.102364600000044
1050 1.126511100000016
1050 1.0489868999999885
1050 0.9640855999999758
1050 0.933806699999991
1050 0.9231472999999824
1050 0.9648765999999682
1050 0.9471091999999999
1050 0.9507562999999664
1050 0.8642676000000051
1050 0.9825911899999937 0.03944119666666287 4.013998605733796
1051 1.5327538999999888
1051 1.5912894999999594
1051 1.5393545000000017
1051 1.482919699999968
1051 1.3773823999999877
1051 1.3706989000000362
1051 1.3933533000000011
1051 1.3671651000000224
1051 1.4001036000000227
1051 1.3670064999999454
1051 1.4422027399999933 0.02506541333334929 1.7379951263543854
1052 1.349053500000025
1052 1.3481605999999715
1052 1.3331870999999182
1052 1.3596868999999288
1052 1.3916727999999239
1052 1.2137601000000586
1052 1.2115501000000677
1052 1.2103897000000643
1052 1.2221922999999606
1052 1.2094822999999906
1052 1.284913539999991 0.025143746666666782 1.9568434672006771
1053 0.6512219999999616
1053 0.6487061000000267
1053 0.6483318000000509
1053 0.6530993999999737
1053 0.6522922999999992
1053 0.6489765000000034
1053 0.6504622999999583
1053 0.6496166999999105
1053 0.6474739999999883
1053 0.6484744000000546
1053 0.6498655499999927 0.00046371666664601907 0.07135578530759544
1054 0.7198617999999897
1054 0.7187277000000449
1054 0.7207478000000265
1054 0.7177870000000439
1054 0.7231065999999373
1054 0.7199987000000192
1054 0.7193412999999964
1054 0.7196561999999176
1054 0.7216654999999719
1054 0.7230359999999791
1054 0.7203928599999927 0.0008810466666621478 0.12230086048634028
1055 1.2258132000000614
1055 1.226657199999977
1055 1.2258116000000427
1055 1.2309824999999819
1055 1.2217957000000297
1055 1.2236645000000408
1055 1.2271432000000004
1055 1.2288388000000623
1055 1.2245563000000175
1055 1.2271336999999676
1055 1.2262396700000182 0.0002980099999831213 0.02430275314638262
1056 0.6013904999999795
1056 0.599796099999935
1056 0.600071899999989
1056 0.599719299999947
1056 0.5986534999999549
1056 0.6001687000000402
1056 0.5980541999999787
1056 0.6010864999999512
1056 0.5987952000000405
1056 0.5981639000000314
1056 0.5995899799999848 0.0004753599999844556 0.07928084455054898
1057 1.1656551999999465
1057 1.1604220000000396
1057 1.1618857999999364
1057 1.162174499999992
1057 1.1608694000000241
1057 1.1621686999999383
1057 1.1596792000000278
1057 1.1618647000000237
1057 1.1605175000000827
1057 1.1666796999999178
1057 1.1621916699999928 0.001496009999975012 0.12872317351706894
1058 0.7222107999999707
1058 0.7230431000000408
1058 0.7260833999999932
1058 0.7200010999999904
1058 0.7275896999999532
1058 0.7204725999999937
1058 0.7249219999999923
1058 0.7205881999999519
1058 0.7226054000000204
1058 0.7218709999999646
1058 0.7229387299999871 0.00035591000000749035 0.049231004681060134
1059 1.3425482999999758
1059 1.3362336000000141
1059 1.336416100000065
1059 1.337007299999982
1059 1.335787900000014
1059 1.3400037999999768
1059 1.334259999999972
1059 1.3340555000000904
1059 1.3410480999999663
1059 1.3344214999999622
1059 1.3371782100000018 0.0009189033333465435 0.06871958625070194
1060 0.7515796000000137
1060 0.7674582999999302
1060 0.7767308999999614
1060 0.748921399999972
1060 0.7478886999999759
1060 0.7539728000000423
1060 0.7468411999999489
1060 0.7560560000000578
1060 0.7535821999999825
1060 0.7494933000000401
1060 0.7552524399999925 0.0019197133333174559 0.25418167908434364
1061 1.3675651999999445
1061 1.3420380000000023
1061 1.378163099999938
1061 1.352678200000014
1061 1.5571386999999959
1061 1.393036699999925
1061 1.4151886000000786
1061 1.5116318999999976
1061 1.7769573000000491
1061 1.6415002999999615
1061 1.4735897999999907 0.05597016666665692 3.798218925419901
1062 0.8516413999999486
1062 0.8553097999999864
1062 0.8785750999999209
1062 0.9200882000000092
1062 0.8959598999999798
1062 0.8372945999999502
1062 0.8074717000000646
1062 0.8236349000000018
1062 0.8127629000000525
1062 0.8414215999999897
1062 0.8524160099999903 0.0036648033333335586 0.42993131174690163
1063 1.3679811999999174
1063 1.3583565000000135
1063 1.335835799999927
1063 1.3426189000000477
1063 1.3566353999999592
1063 1.3372223000000076
1063 1.3460233000000699
1063 1.352805099999955
1063 1.3361515000000281
1063 1.3431350000000748
1063 1.3476765 0.0015138333333083822 0.11232913338686118
1064 0.6584119999999984
1064 0.6542700999999624
1064 0.6511531000001014
1064 0.6554112999999688
1064 0.6545225000000983
1064 0.6542483999999149
1064 0.6521852000000763
1064 0.6564288000000715
1064 0.6552109999998947
1064 0.6545222999999396
1064 0.6546364700000027 3.8056666687695064e-05 0.005813404604191225
1065 0.8507067000000461
1065 0.8605622000000039
1065 0.8490791000000399
1065 0.8504775999999765
1065 0.8580719000000272
1065 0.8332398999999668
1065 0.8363315000000284
1065 0.8390036999999211
1065 0.8612511999999697
1065 0.8463074999999662
1065 0.8485031299999946 0.0007318766666761048 0.08625503440112349
1066 0.7491780999999946
1066 0.7519712999999228
1066 0.7498160999999754
1066 0.7516006999999263
1066 0.7513319999999339
1066 0.749769399999991
1066 0.7609338000000889
1066 0.7510861999999179
1066 0.7514336999998932
1066 0.7521587000001091
1066 0.7519279999999753 7.690000004460333e-05 0.01022704302068893
1067 0.9495299999999816
1067 0.9463958999999704
1067 0.9466829000000416
1067 0.9433793999999125
1067 0.9441715000000386
1067 0.9437752999999702
1067 0.9512287999999671
1067 0.94392670000002
1067 0.9462381999999252
1067 0.9423206000000164
1067 0.9457649299999844 0.0011481099999893403 0.1213948586557718
1068 0.8651188999999704
1068 0.8610304000000042
1068 0.8616465000000062
1068 0.862603799999988
1068 0.8621396000000914
1068 0.8619194000000334
1068 0.8625993000000562
1068 0.8666858999999931
1068 0.8624343999999837
1068 0.8629850999999462
1068 0.8629163300000073 2.2923333312959333e-05 0.002656495481196785
1069 1.3402386999999862
1069 1.3442552000000205
1069 1.3385068999999703
1069 1.3381100999999944
1069 1.341177200000061
1069 1.3372006999999257
1069 1.352487500000052
1069 1.3991340000000037
1069 1.3917569000000185
1069 1.3728380000000016
1069 1.3555705200000034 0.005755826666666038 0.42460547656834724
1070 0.9729327999999668
1070 0.9899348999999802
1070 0.9766146999999137
1070 0.9740762999999788
1070 0.9647036000000071
1070 0.9714218999999957
1070 0.9649249000000282
1070 0.9655116000000135
1070 0.9943650999999818
1070 0.961789299999964
1070 0.9736275099999829 0.003946070000006316 0.4052956556256699
1071 0.679476300000033
1071 0.6783669999999802
1071 0.6763257999999723
1071 0.6816137000000708
1071 0.6784974999999349
1071 0.677346899999975
1071 0.6783003000000463
1071 0.6794026999999687
1071 0.6774625000000469
1071 0.6771929000000227
1071 0.6783985600000051 0.0004018866666607816 0.05924049524232165
1072 0.7938368000000082
1072 0.7953938000000562
1072 0.7918597000000318
1072 0.7930266999999276
1072 0.7917258999999603
1072 0.7926853000000165
1072 0.79202470000007
1072 0.8002444999999625
1072 0.7929977000000008
1072 0.7927875999999969
1072 0.7936582700000031 0.0002902233333353932 0.036567795524312004
1073 0.7998354000000063
1073 0.7974004999999806
1073 0.7970481999999492
1073 0.7994396000000279
1073 0.7988940000000184
1073 0.7958096000000978
1073 0.7993176999999605
1073 0.7972543000000769
1073 0.7980673999999226
1073 0.8003810999999814
1073 0.7983447800000022 0.0006787733333264064 0.08502258051044119
1074 1.32749960000001
1074 1.3229635000000144
1074 1.3253674999999703
1074 1.3230866000000105
1074 1.3238827999999785
1074 1.3231932999999572
1074 1.3273836000000756
1074 1.3302966999999626
1074 1.3245431999999937
1074 1.3247435000000678
1074 1.325296030000004 0.0001841766666454229 0.013897020927876945
1075 0.758760200000097
1075 0.7963854999999285
1075 0.7553920999999946
1075 0.7574015000000145
1075 0.798599299999978
1075 0.7962897000001021
1075 0.7997638000000507
1075 0.7519681999999648
1075 0.7535732999999709
1075 0.7547944000000371
1075 0.7722928000000138 0.005832799999992237 0.7552575914202662
1076 1.3248714000000064
1076 1.323977799999966
1076 1.3576544000000013
1076 1.353147599999943
1076 1.3358451000000287
1076 1.4745406999999204
1076 1.3844207000000779
1076 1.376636699999949
1076 1.3700241000000233
1076 1.351809899999921
1076 1.3652928399999837 0.004494313333354223 0.3291831028246128
1077 1.4094912000000477
1077 1.5593691000000263
1077 1.3982363000000078
1077 1.3506088999999974
1077 1.7233220000000529
1077 1.4431474000000435
1077 1.3455560999999534
1077 1.342657499999973
1077 1.346318100000076
1077 1.3462862000000086
1077 1.4264992800000187 0.026737693333336678 1.874357296088949
1078 0.637554600000044
1078 0.6348636999999826
1078 0.6361877000000504
1078 0.631318399999941
1078 0.6455733000000237
1078 0.6335129999999936
1078 0.6348529000000553
1078 0.6322680999999193
1078 0.6358232000000044
1078 0.6339920000000347
1078 0.6355946900000049 0.0005342299999900508 0.08405199231448059
1079 0.9121834999999692
1079 0.9279573999999684
1079 0.9102964999999585
1079 0.9156689999999799
1079 0.9089663999999402
1079 0.9155113999999003
1079 0.9090287999999873
1079 0.9085397999999714
1079 0.9583476999999903
1079 1.0333667999999534
1079 0.9299867299999619 0.0344600233333305 3.705431725174392
1080 0.6199102000000494
1080 0.620081500000083
1080 0.611867499999903
1080 0.616694999999936
1080 0.6098776000000043
1080 0.6192940999999337
1080 0.6178165000000035
1080 0.6145083000000113
1080 0.6137539000000061
1080 0.6153523000000405
1080 0.6159156899999971 0.00018779666665221426 0.030490645018673764
1081 0.818935099999976
1081 0.8240660999999818
1081 0.8174518000000717
1081 0.8356202999999596
1081 0.8227163000000246
1081 0.8195923000000676
1081 0.9329751000000215
1081 0.8186651999999413
1081 0.8236659000000373
1081 0.8169259000000011
1081 0.8330614000000083 0.005378500000002395 0.645630682204498
1082 1.4316396000000395
1082 1.4279756000000816
1082 1.4288782999999512
1082 1.4407072000000198
1082 1.4339582000000064
1082 1.4246610000000146
1082 1.423339599999963
1082 1.4514773999999306
1082 1.4727384999999913
1082 1.4473308000000316
1082 1.438270620000003 0.003020060000009502 0.2099785643962814
1083 0.7282145000000355
1083 0.731217499999957
1083 0.7338072000000011
1083 0.7274343000000272
1083 0.728070500000058
1083 0.7263114999999516
1083 0.7328737000000274
1083 0.7254564999999502
1083 0.7263714000000618
1083 0.7287436999999954
1083 0.7288500800000065 3.5460000003687916e-05 0.004865198067027393
1084 1.4278757000000724
1084 1.4292513999999983
1084 1.4247506000000385
1084 1.4235238999999638
1084 1.4234265999999707
1084 1.4215732999999773
1084 1.4557413999999653
1084 1.4254110999999057
1084 1.4238747000000558
1084 1.439810399999942
1084 1.429523909999989 0.0034288299999843583 0.23985817767709702
1085 0.7284393999999565
1085 0.7305324999999812
1085 0.7426966000000448
1085 0.7254111999999395
1085 0.7275568999999678
1085 0.7265198000000055
1085 0.7286834999999883
1085 0.7281673999999612
1085 0.72608450000007
1085 0.7258179999998902
1085 0.7289909799999805 0.0010576600000301213 0.14508547143205386
1086 1.4330363999999918
1086 1.4294417999999496
1086 1.4273713000000043
1086 1.4279496999999992
1086 1.4276088999999956
1086 1.4284713000000693
1086 1.4263406000000032
1086 1.4303639999999405
1086 1.426985400000035
1086 1.4313885999999911
1086 1.428895799999998 0.0008309333333310261 0.05815212931069062
1087 1.4462462000000187
1087 1.4427765000000363
1087 1.4462396999999783
1087 1.439441400000078
1087 1.4402133999999478
1087 1.4411206999999422
1087 1.4404889999999568
1087 1.440501900000072
1087 1.443574300000023
1087 1.4388149999999769
1087 1.441941810000003 0.0010422700000087084 0.07228238981493339
1088 0.6471470999999838
1088 0.6455425000000332
1088 0.6496173000000454
1088 0.6528756999999814
1088 0.6469336999999769
1088 0.6454802000000655
1088 0.6450488000000405
1088 0.645493100000067
1088 0.6501311999999189
1088 0.6772166000000652
1088 0.6505486200000178 0.008889326666682481 1.3664354044256122
1089 0.6590792999999167
1089 0.6808999999999514
1089 0.6649024999999256
1089 0.6577271000001019
1089 0.6570643000000018
1089 0.6553791000000047
1089 0.6555303000000094
1089 0.656728199999975
1089 0.6579444000000194
1089 0.6564400999999407
1089 0.6601695299999847 0.0012431433333479995 0.1883066813683492
1090 1.3172574999999824
1090 1.314706400000091
1090 1.3158123000000614
1090 1.316404999999918
1090 1.315127099999927
1090 1.3183102999998937
1090 1.3165344000000232
1090 1.3159517000000278
1090 1.31538670000009
1090 1.3138847999999825
1090 1.3159376199999997 0.0006842733333390545 0.05199891871311154
1091 1.3398402999999917
1091 1.3266952000000174
1091 1.3281944000000294
1091 1.3295507999999927
1091 1.3284469000000172
1091 1.3292030000000068
1091 1.3283642999999756
1091 1.3315711999999849
1091 1.3292034999999487
1091 1.3329357000000073
1091 1.3304005299999973 0.0008450566666700077 0.0635189664777125
1092 0.6583350000000792
1092 0.6548672000000124
1092 0.6554579999999532
1092 0.6557821000000104
1092 0.6535921999999346
1092 0.653125799999998
1092 0.6539417999999841
1092 0.655741799999987
1092 0.675013100000001
1092 0.6574478999999656
1092 0.6573304899999926 3.9136666657668684e-05 0.005953879707857325
1093 1.3421809000000167
1093 1.3364103000000114
1093 1.3296063000000231
1093 1.3302886999999828
1093 1.3302373999999872
1093 1.3308979999999337
1093 1.3307260999999926
1093 1.3309860000000526
1093 1.330526500000019
1093 1.3298631000000114
1093 1.332172330000003 0.0007697433333305377 0.057781063004854326
1094 1.3199952999999596
1094 1.3207515000000285
1094 1.3176161000000093
1094 1.3176248999999416
1094 1.3176427999999305
1094 1.3171217999999953
1094 1.316439399999922
1094 1.321707100000026
1094 1.314600100000007
1094 1.3182983000000377
1094 1.3181797299999858 3.952333335062915e-05 0.00299832659015547
1095 0.8666081999999733
1095 0.8629620000000386
1095 0.8701533999999356
1095 0.8637851999999384
1095 0.8677668000000267
1095 0.8661743000000115
1095 0.8668637999999191
1095 0.865813800000069
1095 0.862070200000062
1095 0.864949700000011
1095 0.8657147399999985 0.0002550133333291497 0.029456970240468606
1096 1.0627471000000241
1096 1.0597498999999289
1096 1.0620026999999936
1096 1.0713925000000017
1096 1.0632024999999885
1096 1.060004499999991
1096 1.059449299999983
1096 1.0605703999999605
1096 1.060360199999991
1096 1.0603489000000081
1096 1.0619827999999871 0.0005446333333263276 0.05128457196541547
1097 1.3502798000000666
1097 1.3576120000000174
1097 1.348324400000024
1097 1.3471421000000419
1097 1.3479131999999936
1097 1.3483039999999846
1097 1.3501109000000042
1097 1.3474085999999943
1097 1.3497062000000142
1097 1.358233299999938
1097 1.350503450000008 0.0025766166666433645 0.1907893435328395
1098 0.8163300999999592
1098 0.8085148000000117
1098 0.8097816000000648
1098 0.8110479999999143
1098 0.808771800000045
1098 0.81070550000004
1098 0.8091035999999576
1098 0.8102818999999499
1098 0.8100645999999188
1098 0.8168198000000757
1098 0.8111421699999937 0.0018925433333606783 0.23331832610314082
1099 1.3607001999999966
1099 1.354867200000058
1099 1.348273899999981
1099 1.3522844000000305
1099 1.3499378999999863
1099 1.3508505999999443
1099 1.3579134000000295
1099 1.3479671000000053
1099 1.3923181000000113
1099 1.3858105000000478
1099 1.360092330000009 0.008572723333346282 0.6303045127345307
1100 0.649531799999977
1100 0.631319899999994
1100 0.6318383999999924
1100 0.6331006000000343
1100 0.6353197999999338
1100 0.631479200000058
1100 0.6325312000000167
1100 0.6342320999999629
1100 0.6380553999999847
1100 0.6288695000000644
1100 0.6346277900000018 0.0019194299999791462 0.30244972410980314
1101 1.3965115000000878
1101 1.4030374999999822
1101 1.3977578999999878
1101 1.4075386999999182
1101 1.4015785999999935
1101 1.390845000000013
1101 1.3987819999999829
1101 1.4005306999999902
1101 1.405665499999941
1101 1.3960735000000568
1101 1.3998320899999954 0.0012528633333128703 0.08950097245683762
1102 0.7512031999999635
1102 0.7510446000000002
1102 0.7498292999999876
1102 0.7499593000000004
1102 0.7484569999999167
1102 0.7485259999999698
1102 0.7517039999999042
1102 0.7474237999999787
1102 0.7486258000000134
1102 0.7476153999999724
1102 0.7494388399999707 0.0006078133333327814 0.08110245971943557
1103 1.3930427999999893
1103 1.3897374999999101
1103 1.393538499999977
1103 1.3962926000001517
1103 1.388385499999913
1103 1.3872497999998359
1103 1.3974601999998413
1103 1.4040322999999262
1103 1.3992760000000999
1103 1.3897079999999278
1103 1.3938723199999572 0.0013881066666764734 0.09958635714040981
1104 0.6773405999999795
1104 0.6774818000001233
1104 0.6760044000000107
1104 0.6774167999999463
1104 0.6783131000001958
1104 0.6762408000001869
1104 0.6794726999999057
1104 0.676800700000058
1104 0.6859004999998888
1104 0.680494200000112
1104 0.6785465600000407 0.0006492133333571015 0.09567705027596966
1105 0.7229105000001255
1105 0.7311568999998599
1105 0.7315969999999652
1105 0.7327127999999448
1105 0.722736199999872
1105 0.7201714000000266
1105 0.7226673000000119
1105 0.7205000000001291
1105 0.7249163000001317
1105 0.720668200000091
1105 0.7250036600000158 0.0014451533333082651 0.19933048797412053
1106 0.8821313000000828
1106 0.8854243000000679
1106 0.8869351000000734
1106 0.8882063999999446
1106 0.8824842999999873
1106 0.8961127999998553
1106 0.8826435999999376
1106 0.88336060000006
1106 0.8835636000001159
1106 0.8841467999998258
1106 0.885500879999995 0.0004513600000564111 0.05097228136649775
1107 0.7653523999999834
1107 0.7603271999998924
1107 0.7598335000000134
1107 0.760195400000157
1107 0.7618333999998868
1107 0.7597659999998996
1107 0.7617896000001565
1107 0.7616204000000835
1107 0.7669748999999229
1107 0.7608866000000489
1107 0.7618579400000044 0.0003237799999851558 0.04249873670479222
1108 1.2610262000000603
1108 1.2638370999998187
1108 1.257048199999872
1108 1.2563542999998845
1108 1.2605395999999018
1108 1.260004600000002
1108 1.2680173999999624
1108 1.2618230999999014
1108 1.2629818000000341
1108 1.2587144999999964
1108 1.2610346799999435 0.0007733933333156825 0.0613300605908568
1109 1.269070000000056
1109 1.272809099999904
1109 1.2659903000001123
1109 1.2719378000001598
1109 1.2690972999998849
1109 1.2657832000002145
1109 1.2674145999999382
1109 1.2681592999999793
1109 1.2651800999999523
1109 1.2664896999999655
1109 1.2681931400000166 0.0005678133333503569 0.04477341151288277
1110 0.7432999999998628
1110 0.7469758999998248
1110 0.7409833000001527
1110 0.741283199999998
1110 0.7528233999998974
1110 0.7406557000001612
1110 0.7670399000000998
1110 0.7505625000001146
1110 0.7406011999999009
1110 0.7421118999998271
1110 0.746633699999984 0.001507266666718965 0.2018749845766401
1111 0.9954256999999416
1111 0.993218699999943
1111 0.9944195000000491
1111 0.9904054999999516
1111 0.9924948999998833
1111 0.9947767999999542
1111 0.9915355000000545
1111 0.9918267000000469
1111 0.9920591999998578
1111 0.9972745000000032
1111 0.9933436999999685 0.001310266666678217 0.1319046636806836
1112 1.2550880999999663
1112 1.2495333000001665
1112 1.2585205000000315
1112 1.2563763000000563
1112 1.2515046000000893
1112 1.2500259999999344
1112 1.2474750000001222
1112 1.2487064000001737
1112 1.2485974000001079
1112 1.2458222000000205
1112 1.2511649800000668 0.001780926666682096 0.1423414733588532
1113 0.8085954000000584
1113 0.8118944000000283
1113 0.8117337999999563
1113 0.8047316000001956
1113 0.806814999999915
1113 0.806940399999803
1113 0.8068054000000302
1113 0.8068009999999504
1113 0.8061185999999907
1113 0.8056927000000087
1113 0.8076128299999936 0.000640043333328307 0.0792512587161737
1114 1.2559621999998853
1114 1.2537655000000996
1114 1.2510471999999027
1114 1.2516888000000108
1114 1.2486821999998483
1114 1.2507027999999991
1114 1.2519598000001224
1114 1.2563471999999365
1114 1.2506505999999717
1114 1.2504452000000583
1114 1.2521251499999835 0.0005599833333083855 0.044722632822157826
1115 1.31820730000004
1115 1.3147776000000704
1115 1.2704615000000103
1115 1.2834534999999505
1115 1.2766527000001133
1115 1.2659042000000227
1115 1.321256700000049
1115 1.2884586999998646
1115 1.266780300000164
1115 1.2681512999999995
1115 1.2874103800000285 0.006419693333342987 0.4986516679586539
1116 0.7119052999998985
1116 0.7093586000000869
1116 0.7096767999998974
1116 0.708989900000006
1116 0.7115730999998959
1116 0.7105774000001475
1116 0.7112959000000956
1116 0.7101918000000751
1116 0.7093618999999762
1116 0.7106355999999323
1116 0.7103566300000012 9.298999997705189e-05 0.013090607738404824
1117 1.3193891000000804
1117 1.2690317999999934
1117 1.2684090999998716
1117 1.265123899999935
1117 1.266894099999945
1117 1.2748613000001114
1117 1.2714627000000291
1117 1.28793840000003
1117 1.2713888999999199
1117 1.2652505999999448
1117 1.2759749899999862 0.003574796666680443 0.28016196984240904
1118 0.7928528999998434
1118 0.7952516000000287
1118 0.790389100000084
1118 0.7911650999999438
1118 0.7914720000001125
1118 0.7919401999999991
1118 0.7903335999999399
1118 0.7913168999998561
1118 0.7925454999999602
1118 0.7916998999999123
1118 0.791896679999968 6.559333335191357e-05 0.008283067098086107
1119 1.2663485999999011
1119 1.266072099999974
1119 1.265118399999892
1119 1.262141100000008
1119 1.2641511000001628
1119 1.2717545000000428
1119 1.2623190000001614
1119 1.2678032999999687
1119 1.2651604000000134
1119 1.26791460000004
1119 1.2658783100000164 0.0006787633333412331 0.053619951300154935
1120 0.6290864999998576
1120 0.6339801000001444
1120 0.6420554999999695
1120 0.6295592999999826
1120 0.6277733000001717
1120 0.6254140999999436
1120 0.6266771999999037
1120 0.6259420000001228
1120 0.6292398000000503
1120 0.6264790999998695
1120 0.6296206900000015 0.0010471966667106776 0.16632183207173115
1121 0.8830325999999786
1121 0.875771099999838
1121 0.8771642999997766
1121 0.8729278999999224
1121 0.8757995999999366
1121 0.8826427999999851
1121 0.9108446999998705
1121 0.8757117000000108
1121 0.8921448999999484
1121 0.875351099999989
1121 0.8821390699999256 0.0022626566666455647 0.25649659374521927
1122 0.7009443000001738
1122 0.7108367999999246
1122 0.6995362000000114
1122 0.7054459999999381
1122 0.701569999999947
1122 0.6983797000000322
1122 0.7430034999999862
1122 0.759069400000044
1122 0.8145723000000089
1122 0.7866615999998885
1122 0.7320019799999955 0.018219873333297665 2.4890470013889545
1123 1.518487499999992
1123 1.4457488000000467
1123 1.5292380000000776
1123 1.4246998999999505
1123 1.4617915999999695
1123 1.4124501999999666
1123 1.3884378000000197
1123 1.5262966000000233
1123 1.4698156000001745
1123 1.5456728000001476
1123 1.4722638800000367 0.024469640000036968 1.6620417258376505
1124 1.5092921000000388
1124 1.5274854000001596
1124 1.46462009999982
1124 1.4718243000002076
1124 1.4518444000000272
1124 1.391993100000036
1124 1.373467699999992
1124 1.3861692000000403
1124 1.3902646999999888
1124 1.3910078999999769
1124 1.4357968900000286 0.014929663333350588 1.03981722187393
1125 0.689384999999902
1125 0.7016225999998369
1125 0.6854667000000063
1125 0.7270307000001139
1125 0.6859200000001238
1125 0.6993807999999717
1125 0.6909643000001324
1125 0.6991940000000341
1125 0.7319178999998712
1125 0.7390682000000197
1125 0.7049950200000012 0.011357726666672821 1.6110364391897125
1126 1.597329899999977
1126 1.654968399999916
1126 1.7202420000000984
1126 1.3672074000000976
1126 1.3015084999999544
1126 1.2945388000000548
1126 1.296078899999884
1126 1.2958174000000326
1126 1.2933830999998008
1126 1.2953559000000041
1126 1.411643029999982 0.038762376666659305 2.745905008765552
1127 0.729868099999976
1127 0.7292927000000873
1127 0.7289670000000115
1127 0.7260886999999911
1127 0.7290597999999591
1127 0.728187299999945
1127 0.726915100000042
1127 0.727993399999832
1127 0.7265026000000034
1127 0.7264745999998468
1127 0.7279349299999694 0.0004867766667075631 0.06687090379185177
1128 0.7747452999999496
1128 0.7700853999999708
1128 0.7680431999999655
1128 0.7681465999999091
1128 0.7689215000000331
1128 0.7682405000000472
1128 0.7686015000001589
1128 0.8209519999998065
1128 0.7745952000000216
1128 0.7682760000000144
1128 0.7750607199999877 0.0022615733333244403 0.2917930524623253
1129 1.310335699999996
1129 1.306857300000047
1129 1.3118001000000277
1129 1.3075424000001021
1129 1.3179629999999634
1129 1.3087044999999762
1129 1.3082655999999133
1129 1.3076700999999957
1129 1.3077798000001621
1129 1.3103128999998717
1129 1.3097231400000056 0.00019658666662203392 0.015009787993975053
1130 1.034244899999976
1130 1.044061499999998
1130 1.032918699999982
1130 1.0308665999998539
1130 1.031313000000182
1130 1.0294596000001093
1130 1.0326336000000538
1130 1.030960099999902
1130 1.0755027000000155
1130 1.0575321000001168
1130 1.039949280000019 0.0058609400000326035 0.5635794084142735
1131 0.7702846999998201
1131 0.7921444000000974
1131 0.8609050000000025
1131 1.0331972000001315
1131 0.9009103999999297
1131 0.7681052000000363
1131 0.7687117000000399
1131 0.7678240000000187
1131 0.7656016999999338
1131 0.768457799999851
1131 0.8196142099999861 0.01705213666671172 2.080507689918164
1132 1.3042952999999216
1132 1.3036662000001797
1132 1.2980214000001524
1132 1.2969296999999642
1132 1.3044942000001356
1132 1.2975091999999222
1132 1.2973574000000099
1132 1.3001435000001038
1132 1.2977452000000085
1132 1.2995332999998936
1132 1.299969540000029 0.00014541333337847462 0.011185903123427906
1133 1.024257900000066
1133 1.0199656999998297
1133 1.0241794000000937
1133 1.0208653999998205
1133 1.022405899999967
1133 1.0242622999999185
1133 1.0225949999999102
1133 1.0224353999999494
1133 1.0233099000001857
1133 1.021020599999929
1133 1.022529749999967 0.0005030500000127169 0.04919661261813978
1134 0.6466153000001214
1134 0.6470368999998755
1134 0.646509100000003
1134 0.6460109000001921
1134 0.6457181999999193
1134 0.6487810000000991
1134 0.6478228000000854
1134 0.6506064000000151
1134 0.6508592000000135
1134 0.647613199999796
1134 0.6477573000000121 4.8033333405343256e-05 0.0074153287667066605
1135 1.2450333000001592
1135 1.2457765000001473
1135 1.2551685999999336
1135 1.2486645999999837
1135 1.2459627999999157
1135 1.2644861999999648
1135 1.2520906000002014
1135 1.2579037000000426
1135 1.2453899000001911
1135 1.2626428000000942
1135 1.2523119000000633 0.003443633333343632 0.274982081807532
1136 0.9551466000000346
1136 0.8551359999999022
1136 0.8451600000000781
1136 0.8476094000000103
1136 0.8443615000001046
1136 0.8515727999999854
1136 0.8470254000001205
1136 0.8470099000001028
1136 0.8485367999999198
1136 0.8427118000001883
1136 0.8584270200000447 0.005238406666618789 0.6102331991621741
1137 1.2546870999999555
1137 1.2507249999998749
1137 1.2489812999999685
1137 1.2474909000000025
1137 1.2455721999999696
1137 1.2528442000000268
1137 1.2460979999998472
1137 1.251200499999868
1137 1.2485128999999233
1137 1.24414569999999
1137 1.2490257799999427 0.0016266933333175526 0.13023697023432354
1138 1.2363075999999182
1138 1.2330572000000757
1138 1.2326975000000857
1138 1.2347729000000527
1138 1.229406299999937
1138 1.2303736999999728
1138 1.233680800000002
1138 1.2378143999999338
1138 1.231916799999908
1138 1.231564599999956
1138 1.2331591799999841 0.0005315266666760337 0.043102843111952546
1139 0.9073487000000569
1139 0.9071481000000858
1139 0.9047528000000966
1139 0.9064650999998776
1139 0.9090208999998595
1139 0.9061424000001352
1139 0.9053899999998976
1139 0.9058701999999812
1139 0.9062088000000585
1139 0.9050360000001092
1139 0.9063383000000158 0.00043409999996886955 0.04789602292751636
1140 0.6956861999999546
1140 0.6946729000001142
1140 0.6940478999999868
1140 0.6995810000000802
1140 0.6957778999999391
1140 0.694135899999992
1140 0.6936215999999149
1140 0.69225809999989
1140 0.6902044999999362
1140 0.6973095999999259
1140 0.6947295599999734 0.000860013333317496 0.123791095533279
1141 1.251385899999832
1141 1.2484595000000809
1141 1.2443261999999322
1141 1.2461141999999654
1141 1.2463436999998976
1141 1.2447061000000303
1141 1.2454267999999047
1141 1.2459541000000627
1141 1.246253200000183
1141 1.244428599999992
1141 1.2463398299999882 0.0006370766666653852 0.05111580736895741
1142 1.2365674999998646
1142 1.238872899999933
1142 1.237083999999868
1142 1.23461559999987
1142 1.2351286000000528
1142 1.2342132999999649
1142 1.2394884000000275
1142 1.2690032999998948
1142 1.2329298999998173
1142 1.235502600000018
1142 1.2393406099999311 0.0012793366666377093 0.10322720455660533
1143 1.251067599999942
1143 1.248818799999981
1143 1.2473446000001331
1143 1.2465048999999908
1143 1.245700700000043
1143 1.2479052000001047
1143 1.2481561000001875
1143 1.2515599000000748
1143 1.2457394999998996
1143 1.246900099999948
1143 1.2479697400000305 0.00035654666669415747 0.02857013718090222
1144 0.6932581000000937
1144 0.6915102000000388
1144 0.6904260999999678
1144 0.6942179000000124
1144 0.6909632000001693
1144 0.6895417000000634
1144 0.6908726999999999
1144 0.691243699999859
1144 0.6905693000001065
1144 0.6931076999999277
1144 0.6915710600000239 0.0005122133333012776 0.07406517752510637
1145 1.251716100000067
1145 1.2464210999999068
1145 1.2482590000001892
1145 1.2495730999999068
1145 1.247015600000168
1145 1.2471901999999773
1145 1.2491505000000416
1145 1.2488835999999992
1145 1.2471563000001424
1145 1.2479662999999164
1145 1.2483331800000315 0.00012229333337169615 0.00979652991132488
1146 1.2364784000001237
1146 1.2414498999999068
1146 1.2462222000001475
1146 1.2462774999999056
1146 1.2357566000000588
1146 1.2336972999999034
1146 1.2401276999999027
1146 1.235155099999929
1146 1.2349537999998574
1146 1.2354522999999062
1146 1.2385570799999641 0.0010349266666859573 0.08355906105562672
1147 0.8569539000000077
1147 0.8529645999999502
1147 0.8528050999998413
1147 0.8536261000001559
1147 0.8508596000001489
1147 0.8522608999999193
1147 0.8541887999999744
1147 0.8524120999998104
1147 0.8530849999999646
1147 0.852461299999959
1147 0.8531617399999731 0.00023348000000470806 0.027366440506897956
1148 0.7657681000000593
1148 0.7648287000001801
1148 0.7648821000000225
1148 0.7641825000000608
1148 0.764989499999956
1148 0.7658837999999832
1148 0.7662940000000162
1148 0.7652402999999595
1148 0.7644697000000633
1148 0.7650979000000007
1148 0.7651636600000302 2.192000000985258e-05 0.0028647466098758157
1149 1.2602821000000404
1149 1.2578930999998192
1149 1.2540870000000268
1149 1.2558943999999883
1149 1.2563136999999642
1149 1.2574102000000948
1149 1.2562633000000005
1149 1.2560816999998679
1149 1.258110600000009
1149 1.2575729000000138
1149 1.2569908999999826 0.00019400000001038956 0.0154336837291656
1150 0.7238254999999754
1150 0.7245880999998917
1150 0.7260323000000426
1150 0.7250523000000157
1150 0.7271771999999146
1150 0.7239048999999795
1150 0.7250687000000653
1150 0.7248237999999674
1150 0.7314903999999842
1150 0.7241191999999046
1150 0.7256082399999741 0.0004963466666898508 0.06840422135915497
1151 1.2595168999998805
1151 1.2573504999998022
1151 1.2571116999999958
1151 1.2582537000000684
1151 1.2567759999999453
1151 1.2597001000001455
1151 1.257385199999817
1151 1.257199299999911
1151 1.2593792000000121
1151 1.256987099999833
1151 1.257965969999941 0.0003262900000360336 0.02593790355362704
1152 0.6354056000000128
1152 0.6313666000000921
1152 0.6323453999998492
1152 0.6330405999999584
1152 0.6307541000001038
1152 0.6361458999999741
1152 0.6323664000001372
1152 0.6306695999999192
1152 0.6324736999999914
1152 0.6310326999998779
1152 0.6325600599999917 0.0005091200000379251 0.08048563800217357
1153 1.4997706000001472
1153 1.4958768000001328
1153 1.4972689999999602
1153 1.4973546999999598
1153 1.4972755999999663
1153 1.490594099999953
1153 1.4934319999999843
1153 1.4930147000000034
1153 1.4966664999999466
1153 1.4908055000000786
1153 1.4952059500000132 0.0014668166666448694 0.09810131284221123
1154 1.485180899999932
1154 1.4792135000000144
1154 1.488007400000015
1154 1.4822048000000905
1154 1.4830216000000291
1154 1.478704000000107
1154 1.4811534999998912
1154 1.4851122999998552
1154 1.4785508999998456
1154 1.4821357000000717
1154 1.482328459999985 6.425333330447221e-05 0.004334621849227185
1155 0.7224247999999989
1155 0.7326290000000881
1155 0.6927628000000823
1155 0.6865781999999854
1155 0.7167939999999362
1155 0.7345646999999644
1155 0.6902922000001581
1155 0.6863151999998536
1155 0.6861776000000646
1155 0.6914404000001468
1155 0.7039978900000279 0.004185829999960348 0.5945799070449178
1156 0.7326930000001539
1156 0.7315989999999601
1156 0.7327986000000237
1156 0.7326015000001007
1156 0.7309774000000289
1156 0.7309176999999636
1156 0.7296733000000586
1156 0.7311044000000493
1156 0.7289041999999881
1156 0.7290993000001436
1156 0.7310368400000471 0.0006458466666345123 0.08834666480480939
1157 0.9919679999998152
1157 0.9931775000000016
1157 0.9939206999999897
1157 0.9924756000000343
1157 0.9951521000000412
1157 0.9903627999999571
1157 0.9908658000001651
1157 0.9929273999998713
1157 0.9931788000001234
1157 0.99256790000004
1157 0.9926596600000039 3.0586666654638016e-05 0.003081284340157219
1158 1.3682218000001285
1158 1.3656872999999905
1158 1.3745920000001206
1158 1.3673005999999077
1158 1.3677153000000999
1158 1.367609899999934
1158 1.3727045999999063
1158 1.3645633999999518
1158 1.3640356999999312
1158 1.4170289000001048
1158 1.3729459500000076 0.01469431666669907 1.0702764130444455
1159 0.9430130000000645
1159 0.9059279999999035
1159 0.9065740999999434
1159 0.9066660999999385
1159 0.9052768999999898
1159 0.9093184000000747
1159 0.9086449000001267
1159 0.9085116000001108
1159 0.9073908999998821
1159 0.9059780000000046
1159 0.9107301900000039 0.0015840633333330894 0.173933328523246
1160 0.7415349000000333
1160 0.7410661999999775
1160 0.7876579999999649
1160 0.7391981999999189
1160 0.7613937000000988
1160 0.7729848000001311
1160 0.7575183000001289
1160 0.7556546999999227
1160 0.7588266000000203
1160 0.7474889000000076
1160 0.7563324300000204 0.002947843333337604 0.3897549829163777
1161 0.8066216000001987
1161 0.8047348999998576
1161 0.8058680999999979
1161 0.8065848999999616
1161 0.8062801000000945
1161 0.8034898999999314
1161 0.8025225999999748
1161 0.8035084999999071
1161 0.8025296000000708
1161 0.8035781999999472
1161 0.8045718399999942 0.00033121333334899344 0.04116640887518458
1162 0.9403551000000334
1162 0.9399885999998787
1162 0.9415430999999899
1162 0.9410133999999744
1162 0.9433899000000565
1162 0.9581373000000895
1162 0.941261299999951
1162 0.9396566000000348
1162 0.9405887999998868
1162 0.9361010000000078
1162 0.9422035099999903 0.0020341699999941363 0.21589497156449325
1163 1.3852937999999995
1163 1.3812096999999994
1163 1.378363600000057
1163 1.382114300000012
1163 1.383305400000154
1163 1.4017043000001195
1163 1.385149100000035
1163 1.3837515000000167
1163 1.3852205000000595
1163 1.38694200000009
1163 1.3853054200000543 0.0005455266666785825 0.039379523013673125
1164 0.9753550000000359
1164 0.9747018999999
1164 0.9696480000000065
1164 0.9698470000000725
1164 0.9646427000000131
1164 0.9658613999999943
1164 0.9648055000000113
1164 0.9819588999998814
1164 0.9675159999999323
1164 0.967024100000117
1164 0.9701360499999965 0.001037316666626505 0.10692486549969035
1165 1.3869256999998925
1165 1.3857242999999926
1165 1.7131460000000516
1165 1.42797389999987
1165 1.3807060000001457
1165 1.3880761999998867
1165 1.3840457999999671
1165 1.3774129999999332
1165 1.3790753999999197
1165 1.3880334000000403
1165 1.42111196999997 0.011026189999976546 0.7758846757146645
1166 0.8404531999999563
1166 0.8423012999999173
1166 0.8414006000000427
1166 0.8470589000000928
1166 0.8426504999999906
1166 0.8473487999999634
1166 0.8433184000000438
1166 0.840910299999905
1166 0.8410373000001528
1166 0.841535100000101
1166 0.8428014400000166 0.00042211333330518147 0.050084552929237185
1167 1.387371099999882
1167 1.3864633999999114
1167 1.3858470000000125
1167 1.3855261999999584
1167 1.3869706000000406
1167 1.3856788999999026
1167 1.4396249000001262
1167 1.4204270000000179
1167 1.385491500000171
1167 1.3851615999999467
1167 1.394856219999997 0.00323154000001676 0.23167549125721118
1168 0.8735323999999309
1168 0.8856336999999712
1168 0.8854146000001037
1168 0.8781341000001248
1168 0.8768588000000364
1168 0.8742872000000261
1168 0.8837943999999425
1168 0.8738297999998395
1168 0.873802699999942
1168 0.8717276999998376
1168 0.8777015399999755 0.001991280000045966 0.22687438830812828
1169 1.3944395000000895
1169 1.3928617000001395
1169 1.3917896999998902
1169 1.3918214000000262
1169 1.3980180000000928
1169 1.3917361000001165
1169 1.401946199999884
1169 1.3920585999999275
1169 1.392542800000001
1169 1.395877199999859
1169 1.3943091200000026 0.0005226933332854363 0.03748762206227521
1170 0.7183821000000989
1170 0.7117293000001155
1170 0.7311726000000363
1170 0.7527450000000044
1170 0.7115967999998247
1170 0.7295570000001135
1170 0.7156241999998656
1170 0.7583845999999994
1170 0.7221827000000758
1170 0.7242529000000104
1170 0.7275627200000144 0.0011032733333346718 0.15163961855201294
1171 1.3870302000000265
1171 1.3841429000001426
1171 1.3908074999999371
1171 1.3884199999999964
1171 1.3869816999999784
1171 1.3840488999999252
1171 1.3991550000000643
1171 1.3868181000000277
1171 1.3847591000001103
1171 1.3862437000000227
1171 1.3878407100000232 0.000532336666666818 0.03835718773999713
1172 1.3710545999999795
1172 1.3710697999999866
1172 1.3693488999999772
1172 1.369589299999916
1172 1.3715425000000323
1172 1.3712113999999929
1172 1.3714539999998578
1172 1.368648500000063
1172 1.3725151000001006
1172 1.3708917000001293
1172 1.3707325800000034 5.304000004195212e-05 0.003869463731718698
1173 0.7876623999998174
1173 0.793956900000012
1173 0.7875971000000845
1173 0.7878661000002012
1173 0.7863970000000791
1173 0.7856274000000667
1173 0.786662299999989
1173 0.7870346999998219
1173 0.7877243000000362
1173 0.7877246000000468
1173 0.7878252800000155 3.355999998955195e-05 0.004259827761499515
1174 1.3751506000000973
1174 1.3765877999999248
1174 1.3744804999998905
1174 1.3738831999999093
1174 1.373333300000013
1174 1.3736817000001338
1174 1.3756007000001773
1174 1.3747187999999824
1174 1.3732497999999396
1174 1.3721095000000787
1174 1.3742795900000147 0.0007233633333119845 0.05263582014719267
1175 0.8341215999998894
1175 0.8601426000000174
1175 0.8334416000000147
1175 0.8381461999999829
1175 0.8337544000000889
1175 0.865377300000091
1175 0.856072900000072
1175 0.8492494999998144
1175 0.8389779999999973
1175 0.8372296999998525
1175 0.8446513799999821 0.0024738933333765165 0.29288927857746105
1176 0.6737370000000737
1176 0.6645909000001211
1176 0.6646193999999923
1176 0.6639439000000493
1176 0.6667545000000246
1176 0.6642249999999876
1176 0.6655358000000433
1176 0.6633008999999674
1176 0.6657639000000017
1176 0.6632494999998926
1176 0.6655720800000153 0.0007741933333742512 0.11631998346057926
1177 1.0775436999999783
1177 1.0719062000000577
1177 1.0721426000000065
1177 1.0713943999999174
1177 1.0756862999999157
1177 1.0714898999999605
1177 1.0727480999998988
1177 1.0711228999998639
1177 1.0727351000000453
1177 1.07164970000008
1177 1.0728418899999723 0.0003973966666307819 0.0370414942159643
1178 0.8117554000000382
1178 0.805219999999963
1178 0.8062193000000661
1178 0.805048799999895
1178 0.8064824999999018
1178 0.8037021000000095
1178 0.8053187000000435
1178 0.8071410999998534
1178 0.8058510999999271
1178 0.8061525000000529
1178 0.806289149999975 4.554999997404459e-05 0.005649338078534977
1179 1.1483290999999554
1179 1.1466038999999455
1179 1.1459322000000611
1179 1.143995700000005
1179 1.1443621000000803
1179 1.1450274999999692
1179 1.1451171999999588
1179 1.1457018000000971
1179 1.145860999999968
1179 1.1453210999998191
1179 1.145625159999986 0.0001013533333889723 0.00884698913115469
1180 0.8642671000000064
1180 0.8658339999999498
1180 0.8495289999998477
1180 0.8474857999999585
1180 0.843626200000017
1180 0.8461432999999943
1180 0.8685467000000244
1180 0.8572679000001244
1180 0.8478357000001324
1180 0.8464304999999968
1180 0.8536966200000051 0.0024220400000027897 0.28371202875358403
1181 1.4254571000001306
1181 1.4289091999999073
1181 1.4229609999999866
1181 1.4251271999999062
1181 1.4250836000001073
1181 1.4236606999998003
1181 1.4238050999999814
1181 1.4249346999999943
1181 1.4216506999998728
1181 1.4224942000000738
1181 1.424408349999976 0.0006380499999674161 0.044794036763925654
1182 1.4120953000001464
1182 1.408254199999874
1182 1.4075884999999744
1182 1.4084379000000808
1182 1.4079157000001032
1182 1.4095852000000377
1182 1.4091768000000684
1182 1.4076751000000058
1182 1.4096518999999716
1182 1.4092915999999605
1182 1.4089672200000223 0.00010812666664605786 0.007674179009363763
1183 0.7635287999999036
1183 0.7624609000001783
1183 0.7628864000000704
1183 0.7623495000000275
1183 0.7628530000001774
1183 0.782342799999924
1183 0.7738174000000981
1183 0.762408300000061
1183 0.7630925000000843
1183 0.7614751999999498
1183 0.7657214800000475 0.0014154266666992117 0.18484876076600645
1184 0.7662322000001041
1184 0.7644250999999258
1184 0.764436200000091
1184 0.7648716999999579
1184 0.7638012999998409
1184 0.7653761999999915
1184 0.7656637000000046
1184 0.7647667000001093
1184 0.7634153999999853
1184 0.7636251000001266
1184 0.7646613600000137 0.0003454199999623671 0.04517293772531685
1185 0.9538380999999845
1185 0.969315399999914
1185 0.9744971000000078
1185 0.9686126999999942
1185 0.9600714000000607
1185 0.9539416000000074
1185 0.9650246000001061
1185 0.9573930999999902
1185 0.9549748000001728
1185 0.9563637000001108
1185 0.9614032500000349 0.0016798499999746883 0.17472897038517682
1186 1.4056560999999874
1186 1.403757300000052
1186 1.4049797000000126
1186 1.4038716000000022
1186 1.403798100000131
1186 1.4097976999998991
1186 1.4082703999999922
1186 1.4080962999998974
1186 1.402176499999996
1186 1.4054079000000002
1186 1.405581159999997 5.775333333228142e-05 0.004108857956824176
1187 1.4207512000000406
1187 1.4198458999999275
1187 1.4206758999998783
1187 1.4209763999999723
1187 1.4197650999999496
1187 1.418585500000063
1187 1.4190780999999788
1187 1.4208143999999265
1187 1.4191138999999566
1187 1.4183469999998124
1187 1.4197953399999506 0.0004827800000460532 0.03400349236574266
1188 0.6727903000000879
1188 0.6726576999999452
1188 0.6703955999998925
1188 0.6730571000000509
1188 0.7010439999999107
1188 0.7077762999999777
1188 0.6700971999998728
1188 0.6729800000000523
1188 0.6728252999998858
1188 0.6719539000000623
1188 0.6785577399999738 0.002201279999970514 0.3244057020071127
1189 0.8898644999999306
1189 0.8875331000001552
1189 0.8907145000000583
1189 0.889528700000028
1189 0.8882437999998274
1189 0.888988000000154
1189 0.8896849000000202
1189 0.8878242999999202
1189 0.887739799999963
1189 0.889675699999998
1189 0.8889797300000055 0.0002319899999974802 0.02609620806511289
1190 0.7428015999998934
1190 0.762366400000019
1190 0.748146300000144
1190 0.7316125000002103
1190 0.7431032000001778
1190 0.7339567000001352
1190 0.7337330000000293
1190 0.7330575000000863
1190 0.7677691999999752
1190 0.7364575999999943
1190 0.7433004000000665 0.0022809333333574005 0.30686561360079945
1191 1.3738427000000684
1191 1.3834190000000035
1191 1.3761429999999564
1191 1.3610843999999815
1191 1.3636004999998477
1191 1.3691048000000592
1191 1.382731799999874
1191 1.3740611999999146
1191 1.3809437999998408
1191 1.390172899999925
1191 1.3755104099999471 0.004887496666659293 0.35532240476896726
1192 1.3483491000001777
1192 1.3565532000000076
1192 1.3674056999998356
1192 1.3509767999998985
1192 1.3685656000000108
1192 1.353339700000106
1192 1.380279900000005
1192 1.344556700000112
1192 1.3756728000000749
1192 1.3433704999999918
1192 1.358907000000022 0.0051788333333434204 0.3811028520232317
1193 1.386438300000009
1193 1.3866524000000027
1193 1.3657398000000285
1193 1.3576069000000643
1193 1.380436500000087
1193 1.3707968999999594
1193 1.3655025999998998
1193 1.3771848999999747
1193 1.3790742000001046
1193 1.3638308999998117
1193 1.3733263399999942 0.003165146666727514 0.23047301828693734
1194 1.3577993000001243
1194 1.3699705999999878
1194 1.4024968000001081
1194 1.3752726000000166
1194 1.3746859000000313
1194 1.3510334000000057
1194 1.3539529999998194
1194 1.403492599999936
1194 1.3647309000000405
1194 1.3715899999999692
1194 1.372502510000004 0.0003041700000115573 0.02216170810584211
1195 1.37167989999989
1195 1.390246199999865
1195 1.3912926999998945
1195 1.370145500000035
1195 1.3629206000000522
1195 1.3772400999998808
1195 1.368235899999945
1195 1.3738498000000163
1195 1.372875699999895
1195 1.3877744000001258
1195 1.37662607999996 0.0037161066667219522 0.26994306738123547
1196 0.7686439999999948
1196 0.7666682000001401
1196 0.7679510000000391
1196 0.7669548000001214
1196 0.7675285999998778
1196 0.7677358000000822
1196 0.7655427000001964
1196 0.7665647999999692
1196 0.7660840999999436
1196 0.7676748999999745
1196 0.7671348900000339 0.0001800033333135461 0.023464365349559077
1197 0.7592096000000765
1197 0.7577800999999909
1197 0.7542685999999321
1197 0.7532865999999103
1197 0.7532223999999133
1197 0.7550133999998252
1197 0.7538156999999046
1197 0.7529202000000623
1197 0.7544516000000385
1197 0.7543358000000353
1197 0.7548303999999689 0.00016486666664454014 0.021841550982120875
1198 1.3688242000000628
1198 1.377438699999857
1198 1.3747844999998051
1198 1.3637190000001738
1198 1.3639141000001018
1198 1.3434437000000798
1198 1.3716190999998616
1198 1.3566549000001942
1198 1.366323599999987
1198 1.3582092999999986
1198 1.3644931100000122 0.0020946033333378486 0.15350779846281745
1199 1.1084209999999075
1199 1.1084521999998742
1199 1.1073747999998886
1199 1.1091647000000648
1199 1.1055461000000832
1199 1.1069445999999061
1199 1.1053137000001243
1199 1.1071643000000222
1199 1.106781700000056
1199 1.106140200000027
1199 1.1071303299999955 0.0003300433333227974 0.029810702893741402
1200 0.7371903000000657
1200 0.7187364999999772
1200 0.6695179999999255
1200 0.6681466
1200 0.6731049999998504
1200 0.6935221999999612
1200 0.7350281999999879
1200 0.7386431999998422
1200 0.6957648999998582
1200 0.7048850999999559
1200 0.7034539999999424 0.0004770333333378174 0.06781301028039594
[1000, 1024, 1080, 1125, 1152, 1200]
[0.5754384899999999, 0.5597516099999978, 0.6159156899999971, 0.7049950200000012, 0.6325600599999917, 0.7034539999999424]
[0.5754384899999999, 0.6356889900000002, 1.1450854500000005, 0.8045457200000005, 1.1646626699999998, 0.8391578599999996, 1.1621321000000002, 0.7834004599999957, 0.5871604199999979, 1.22967017, 0.8937315499999997, 1.232668840000001, 0.6410280899999975, 1.2226477099999982, 0.6436281400000041, 0.691291190000004, 1.106133230000006, 0.9342797100000013, 1.1023856499999993, 1.113180539999999, 0.6214760899999959, 1.1166091799999975, 0.8024111699999992, 0.6856835599999954, 0.5597516099999978, 0.7141809800000033, 0.644475540000002, 0.870494359999995, 1.3005329099999954, 0.611953299999999, 0.9366506600000093, 1.3399283400000002, 0.7015194199999997, 1.341898759999998, 0.7379928899999981, 0.7181584700000088, 0.6930968600000142, 0.8133369500000015, 1.3300743500000067, 1.3457776700000124, 0.6303209199999855, 1.2575725499999861, 1.2483096099999955, 1.2603310599999986, 0.6633538999999928, 0.6989983299999949, 1.2504025900000044, 1.270186890000008, 1.2556538499999987, 1.6815144300000042, 0.9825911899999937, 1.4422027399999933, 1.284913539999991, 0.6498655499999927, 0.7203928599999927, 1.2262396700000182, 0.5995899799999848, 1.1621916699999928, 0.7229387299999871, 1.3371782100000018, 0.7552524399999925, 1.4735897999999907, 0.8524160099999903, 1.3476765, 0.6546364700000027, 0.8485031299999946, 0.7519279999999753, 0.9457649299999844, 0.8629163300000073, 1.3555705200000034, 0.9736275099999829, 0.6783985600000051, 0.7936582700000031, 0.7983447800000022, 1.325296030000004, 0.7722928000000138, 1.3652928399999837, 1.4264992800000187, 0.6355946900000049, 0.9299867299999619, 0.6159156899999971, 0.8330614000000083, 1.438270620000003, 0.7288500800000065, 1.429523909999989, 0.7289909799999805, 1.428895799999998, 1.441941810000003, 0.6505486200000178, 0.6601695299999847, 1.3159376199999997, 1.3304005299999973, 0.6573304899999926, 1.332172330000003, 1.3181797299999858, 0.8657147399999985, 1.0619827999999871, 1.350503450000008, 0.8111421699999937, 1.360092330000009, 0.6346277900000018, 1.3998320899999954, 0.7494388399999707, 1.3938723199999572, 0.6785465600000407, 0.7250036600000158, 0.885500879999995, 0.7618579400000044, 1.2610346799999435, 1.2681931400000166, 0.746633699999984, 0.9933436999999685, 1.2511649800000668, 0.8076128299999936, 1.2521251499999835, 1.2874103800000285, 0.7103566300000012, 1.2759749899999862, 0.791896679999968, 1.2658783100000164, 0.6296206900000015, 0.8821390699999256, 0.7320019799999955, 1.4722638800000367, 1.4357968900000286, 0.7049950200000012, 1.411643029999982, 0.7279349299999694, 0.7750607199999877, 1.3097231400000056, 1.039949280000019, 0.8196142099999861, 1.299969540000029, 1.022529749999967, 0.6477573000000121, 1.2523119000000633, 0.8584270200000447, 1.2490257799999427, 1.2331591799999841, 0.9063383000000158, 0.6947295599999734, 1.2463398299999882, 1.2393406099999311, 1.2479697400000305, 0.6915710600000239, 1.2483331800000315, 1.2385570799999641, 0.8531617399999731, 0.7651636600000302, 1.2569908999999826, 0.7256082399999741, 1.257965969999941, 0.6325600599999917, 1.4952059500000132, 1.482328459999985, 0.7039978900000279, 0.7310368400000471, 0.9926596600000039, 1.3729459500000076, 0.9107301900000039, 0.7563324300000204, 0.8045718399999942, 0.9422035099999903, 1.3853054200000543, 0.9701360499999965, 1.42111196999997, 0.8428014400000166, 1.394856219999997, 0.8777015399999755, 1.3943091200000026, 0.7275627200000144, 1.3878407100000232, 1.3707325800000034, 0.7878252800000155, 1.3742795900000147, 0.8446513799999821, 0.6655720800000153, 1.0728418899999723, 0.806289149999975, 1.145625159999986, 0.8536966200000051, 1.424408349999976, 1.4089672200000223, 0.7657214800000475, 0.7646613600000137, 0.9614032500000349, 1.405581159999997, 1.4197953399999506, 0.6785577399999738, 0.8889797300000055, 0.7433004000000665, 1.3755104099999471, 1.358907000000022, 1.3733263399999942, 1.372502510000004, 1.37662607999996, 0.7671348900000339, 0.7548303999999689, 1.3644931100000122, 1.1071303299999955, 0.7034539999999424]
